"TOA5","CR1000_Radiation","CR1000","19688","CR1000.Std.15","CPU:SN2656_radiation_CR1000.CR1","38973","Res_data_1_min"
"TIMESTAMP","RECORD","BattV","Panel_temperature","SW_up_Avg","SW_down_Avg","LW_up_Avg","LW_down_Avg","CNR1_T_degC_Avg"
"TS","RN","V","degC","W/m^2","W/m^2","W/m^2","W/m^2","degC"
"","","Min","Smp","Avg","Avg","Avg","Avg","Avg"
"2026-03-04 13:53:00",2896,12.22,-8.55,17.79,20.01,268.9,261.7,-8.79
"2026-03-04 13:54:00",2897,12.22,-8.53,17.79,19.82,268.8,262.9,-8.82
"2026-03-04 13:55:00",2898,12.22,-8.51,17.76,19.61,268.9,263.8,-8.8
"2026-03-04 13:56:00",2899,12.24,-8.51,17.01,19.12,268.9,262,-8.82
"2026-03-04 13:57:00",2900,12.25,-8.49,16.67,18.9,268.8,260.4,-8.78
"2026-03-04 13:58:00",2901,12.25,-8.46,16.26,18.1,268.1,258.8,-8.81
"2026-03-04 13:59:00",2902,12.26,-8.46,15.58,17.53,268.3,258.6,-8.81
"2026-03-04 14:00:00",2903,12.25,-8.44,15.63,17.74,268.2,258.4,-8.8
"2026-03-04 14:01:00",2904,12.25,-8.42,15.56,17.4,267.9,257.5,-8.81
"2026-03-04 14:02:00",2905,12.26,-8.42,15.17,16.68,267.1,256.3,-8.84
"2026-03-04 14:03:00",2906,12.26,-8.42,14.97,16.67,266.5,254.8,-8.85
"2026-03-04 14:04:00",2907,12.26,-8.4,14.93,16.56,266.4,253.6,-8.84
"2026-03-04 14:05:00",2908,12.26,-8.4,14.57,16.12,266.1,253.7,-8.85
"2026-03-04 14:06:00",2909,12.26,-8.38,14.51,16.12,266.2,254.1,-8.9
"2026-03-04 14:07:00",2910,12.26,-8.38,14.45,15.59,266.1,253.2,-8.99
"2026-03-04 14:08:00",2911,12.26,-8.38,14.45,15.56,266.2,253.3,-8.97
"2026-03-04 14:09:00",2912,12.26,-8.38,14.45,15.1,266.4,253.3,-8.96
"2026-03-04 14:10:00",2913,12.26,-8.35,14.45,15.01,266,252.2,-8.98
"2026-03-04 14:11:00",2914,12.26,-8.35,14.14,14.82,265.9,252.3,-8.97
"2026-03-04 14:12:00",2915,12.26,-8.35,14.14,14.6,266.2,253.4,-8.96
"2026-03-04 14:13:00",2916,12.26,-8.35,14.25,14.83,266.1,254.5,-8.96
"2026-03-04 14:14:00",2917,12.26,-8.35,14.04,14.72,266.3,255.8,-8.98
"2026-03-04 14:15:00",2918,12.26,-8.33,13.38,14.37,265.5,255.7,-9.04
"2026-03-04 14:16:00",2919,12.26,-8.33,12.78,13.89,265.1,255.5,-9.09
"2026-03-04 14:17:00",2920,12.26,-8.33,12.78,13.78,265.2,255.3,-9.13
"2026-03-04 14:18:00",2921,12.26,-8.33,12.78,13.61,265,254.8,-9.13
"2026-03-04 14:19:00",2922,12.26,-8.33,12.78,13.89,264.5,253.6,-9.18
"2026-03-04 14:20:00",2923,12.26,-8.33,12.78,13.39,264,252.6,-9.21
"2026-03-04 14:21:00",2924,12.26,-8.31,12.78,13.85,263.5,252.2,-9.21
"2026-03-04 14:22:00",2925,12.26,-8.31,12.37,13.02,263.1,251.6,-9.29
"2026-03-04 14:23:00",2926,12.26,-8.31,11.68,12.78,263.2,252.7,-9.29
"2026-03-04 14:24:00",2927,12.26,-8.31,11.67,12.56,263.1,253.8,-9.31
"2026-03-04 14:25:00",2928,12.26,-8.31,11.67,12.17,263.9,254.3,-9.33
"2026-03-04 14:26:00",2929,12.26,-8.31,10.72,11.67,264.5,255.3,-9.33
"2026-03-04 14:27:00",2930,12.26,-8.31,10.82,11.67,264.8,257,-9.35
"2026-03-04 14:28:00",2931,12.26,-8.31,10.63,11.51,264.7,258.8,-9.34
"2026-03-04 14:29:00",2932,12.26,-8.31,10.56,10.97,264.7,260,-9.33
"2026-03-04 14:30:00",2933,12.26,-8.31,10.29,10.56,264.7,260.2,-9.33
"2026-03-04 14:31:00",2934,12.26,-8.31,9.45,10.12,264.8,259.9,-9.37
"2026-03-04 14:32:00",2935,12.26,-8.31,9.45,9.45,264.9,260.5,-9.37
"2026-03-04 14:33:00",2936,12.26,-8.31,8.91,9.37,264.9,261.7,-9.39
"2026-03-04 14:34:00",2937,12.26,-8.31,8.34,8.89,265.2,262.5,-9.38
"2026-03-04 14:35:00",2938,12.26,-8.31,8.34,8.91,265.4,263.7,-9.37
"2026-03-04 14:36:00",2939,12.26,-8.31,8.34,8.48,266.3,265.8,-9.37
"2026-03-04 14:37:00",2940,12.26,-8.31,8.34,8.92,267.1,267.4,-9.34
"2026-03-04 14:38:00",2941,12.26,-8.31,8.08,8.61,267.4,267,-9.37
"2026-03-04 14:39:00",2942,12.26,-8.31,7.336,8.11,268.4,266.8,-9.32
"2026-03-04 14:40:00",2943,12.26,-8.33,8.34,8.58,269,267.2,-9.27
"2026-03-04 14:41:00",2944,12.26,-8.33,8.34,8.9,269.2,268.7,-9.21
"2026-03-04 14:42:00",2945,12.26,-8.33,7.966,8.5,269.1,269.3,-9.21
"2026-03-04 14:43:00",2946,12.26,-8.33,7.225,7.985,268.9,269.1,-9.26
"2026-03-04 14:44:00",2947,12.26,-8.33,7.225,7.605,269.2,269.1,-9.21
"2026-03-04 14:45:00",2948,12.26,-8.33,7.225,7.8,269.1,269,-9.2
"2026-03-04 14:46:00",2949,12.26,-8.33,7.198,7.262,269.2,268.5,-9.21
"2026-03-04 14:47:00",2950,12.26,-8.33,6.734,7.225,269.3,268.4,-9.18
"2026-03-04 14:48:00",2951,12.26,-8.33,7.114,7.244,269.8,269.2,-9.13
"2026-03-04 14:49:00",2952,12.26,-8.31,7.225,7.281,269.9,269.4,-9.13
"2026-03-04 14:50:00",2953,12.26,-8.31,7.216,7.225,270.1,268.8,-9.14
"2026-03-04 14:51:00",2954,12.26,-8.31,7.225,7.225,270.3,268.9,-9.06
"2026-03-04 14:52:00",2955,12.26,-8.31,7.031,7.077,270.2,268.7,-9.02
"2026-03-04 14:53:00",2956,12.26,-8.31,6.382,6.697,270.2,268.3,-9
"2026-03-04 14:54:00",2957,12.26,-8.31,6.114,6.216,269.8,267.8,-9.02
"2026-03-04 14:55:00",2958,12.26,-8.31,6.114,6.114,269.7,267.9,-8.97
"2026-03-04 14:56:00",2959,12.26,-8.28,6.114,6.104,269.5,268.1,-8.96
"2026-03-04 14:57:00",2960,12.26,-8.28,5.456,5.623,269.3,268.3,-8.96
"2026-03-04 14:58:00",2961,12.26,-8.28,5.002,5.104,269.2,268.8,-8.97
"2026-03-04 14:59:00",2962,12.26,-8.28,5.002,5.002,269.1,269.1,-8.97
"2026-03-04 15:00:00",2963,12.26,-8.28,5.002,5.002,269,268.8,-8.97
"2026-03-04 15:01:00",2964,12.26,-8.28,5.002,5.002,268.9,268.7,-8.97
"2026-03-04 15:02:00",2965,12.26,-8.28,5.002,5.002,269.1,269.3,-8.97
"2026-03-04 15:03:00",2966,12.26,-8.28,4.974,5.002,269.2,270.1,-8.97
"2026-03-04 15:04:00",2967,12.26,-8.28,4.252,4.724,269.2,270.3,-8.98
"2026-03-04 15:05:00",2968,12.26,-8.28,3.89,4.391,269.1,270.1,-9.02
"2026-03-04 15:06:00",2969,12.26,-8.28,3.89,3.89,269.1,269.8,-9.01
"2026-03-04 15:07:00",2970,12.26,-8.26,3.89,4.02,269.2,269.4,-9.01
"2026-03-04 15:08:00",2971,12.26,-8.28,3.872,3.89,269.2,269.2,-9.07
"2026-03-04 15:09:00",2972,12.26,-8.28,2.992,3.492,269,269,-9.13
"2026-03-04 15:10:00",2973,12.26,-8.28,2.779,3.085,269.1,269.3,-9.15
"2026-03-04 15:11:00",2974,12.26,-8.28,2.779,2.825,269.2,269.6,-9.19
"2026-03-04 15:12:00",2975,12.26,-8.28,2.779,2.779,269.3,269.4,-9.21
"2026-03-04 15:13:00",2976,12.26,-8.28,2.779,2.918,269.3,268.8,-9.23
"2026-03-04 15:14:00",2977,12.26,-8.28,2.779,2.834,269.2,267.9,-9.28
"2026-03-04 15:15:00",2978,12.26,-8.28,2.797,2.955,269.5,267.4,-9.22
"2026-03-04 15:16:00",2979,12.26,-8.28,3.103,3.205,269.3,267,-9.23
"2026-03-04 15:17:00",2980,12.26,-8.28,2.797,2.936,269,266.9,-9.27
"2026-03-04 15:18:00",2981,12.26,-8.28,2.807,2.89,269.2,267.1,-9.21
"2026-03-04 15:19:00",2982,12.26,-8.28,2.844,2.909,268.9,266.6,-9.29
"2026-03-04 15:20:00",2983,12.26,-8.28,2.779,2.779,268.9,267.1,-9.29
"2026-03-04 15:21:00",2984,12.26,-8.28,2.779,2.631,269,268.3,-9.29
"2026-03-04 15:22:00",2985,12.26,-8.28,2.742,2.621,269,269.2,-9.29
"2026-03-04 15:23:00",2986,12.26,-8.31,2.779,2.788,269.4,270.2,-9.22
"2026-03-04 15:24:00",2987,12.26,-8.31,2.862,2.936,270,270.6,-9.18
"2026-03-04 15:25:00",2988,12.26,-8.31,2.899,3.335,270,270.5,-9.19
"2026-03-04 15:26:00",2989,12.26,-8.31,2.807,3.112,269.9,269.9,-9.19
"2026-03-04 15:27:00",2990,12.26,-8.31,2.779,2.779,270,269.4,-9.17
"2026-03-04 15:28:00",2991,12.26,-8.31,2.779,2.779,270.1,269,-9.13
"2026-03-04 15:29:00",2992,12.26,-8.31,2.779,2.779,269.9,268.5,-9.13
"2026-03-04 15:30:00",2993,12.26,-8.31,2.779,2.779,269.6,267.9,-9.13
"2026-03-04 15:31:00",2994,12.26,-8.31,2.779,2.779,269.8,267.6,-9.11
"2026-03-04 15:32:00",2995,12.26,-8.31,2.779,2.779,270.2,267.7,-9.05
"2026-03-04 15:33:00",2996,12.26,-8.31,2.779,2.779,269.7,267.3,-9.05
"2026-03-04 15:34:00",2997,12.26,-8.31,2.779,2.779,269.4,266.8,-9.03
"2026-03-04 15:35:00",2998,12.26,-8.31,2.779,2.51,269.1,266,-9.03
"2026-03-04 15:36:00",2999,12.26,-8.31,2.779,2.214,268.7,265.6,-9.05
"2026-03-04 15:37:00",3000,12.26,-8.31,2.269,1.714,268.4,265.6,-9.05
"2026-03-04 15:38:00",3001,12.26,-8.31,1.667,1.667,268,265.2,-9.11
"2026-03-04 15:39:00",3002,12.26,-8.31,1.769,1.667,267.9,265.2,-9.12
"2026-03-04 15:40:00",3003,12.26,-8.31,1.667,1.195,267.8,265.5,-9.15
"2026-03-04 15:41:00",3004,12.26,-8.33,1.352,0.611,267.9,266.3,-9.17
"2026-03-04 15:42:00",3005,12.26,-8.33,1.621,0.834,268,266.8,-9.2
"2026-03-04 15:43:00",3006,12.26,-8.33,1.278,0.76,268.1,267,-9.24
"2026-03-04 15:44:00",3007,12.26,-8.33,1.084,0.556,267.9,267.3,-9.3
"2026-03-04 15:45:00",3008,12.26,-8.33,0.602,0.556,268.1,267.8,-9.28
"2026-03-04 15:46:00",3009,12.26,-8.33,0.556,0.556,268.1,267.7,-9.32
"2026-03-04 15:47:00",3010,12.26,-8.33,0.556,0.556,268,266.9,-9.36
"2026-03-04 15:48:00",3011,12.26,-8.35,0.556,0.556,267.6,265.6,-9.45
"2026-03-04 15:49:00",3012,12.26,-8.35,0.556,0.556,267.8,264.7,-9.45
"2026-03-04 15:50:00",3013,12.26,-8.35,0.556,0.556,267.7,264.3,-9.45
"2026-03-04 15:51:00",3014,12.26,-8.35,0.556,0.556,267.5,264.2,-9.47
"2026-03-04 15:52:00",3015,12.26,-8.38,0.556,0.556,267.5,264.3,-9.48
"2026-03-04 15:53:00",3016,12.26,-8.38,0.556,0.315,267.1,264.7,-9.53
"2026-03-04 15:54:00",3017,12.26,-8.38,0.593,0.213,267,264.8,-9.48
"2026-03-04 15:55:00",3018,12.26,-8.38,1.64,1.102,267.2,264.9,-9.45
"2026-03-04 15:56:00",3019,12.26,-8.38,1.556,1.195,267.1,264.9,-9.48
"2026-03-04 15:57:00",3020,12.26,-8.4,0.685,0.639,267,265.2,-9.46
"2026-03-04 15:58:00",3021,12.26,-8.4,1.556,1.315,266.9,265.2,-9.46
"2026-03-04 15:59:00",3022,12.26,-8.42,1.01,0.824,266.9,264.8,-9.51
"2026-03-04 16:00:00",3023,12.26,-8.42,0.556,0.065,267,264.6,-9.56
"2026-03-04 16:01:00",3024,12.26,-8.42,0.556,0.102,267.1,264.6,-9.6
"2026-03-04 16:02:00",3025,12.26,-8.42,0.556,0.213,267.2,264.6,-9.61
"2026-03-04 16:03:00",3026,12.26,-8.44,0.556,0.343,267.2,264.6,-9.6
"2026-03-04 16:04:00",3027,12.26,-8.44,0.556,0.547,267.2,264.8,-9.58
"2026-03-04 16:05:00",3028,12.26,-8.44,0.556,0.556,267.4,264.7,-9.58
"2026-03-04 16:06:00",3029,12.26,-8.44,0.556,0.556,267.3,264.6,-9.6
"2026-03-04 16:07:00",3030,12.26,-8.46,0.556,0.389,267.4,264.6,-9.62
"2026-03-04 16:08:00",3031,12.26,-8.46,0.491,-0.195,267.6,264.4,-9.65
"2026-03-04 16:09:00",3032,12.26,-8.46,0.547,-0.13,267.8,264.1,-9.69
"2026-03-04 16:10:00",3033,12.26,-8.46,0.547,-0.306,267.8,264,-9.69
"2026-03-04 16:11:00",3034,12.26,-8.46,0.556,-0.056,267.8,263.9,-9.69
"2026-03-04 16:12:00",3035,12.26,-8.49,0.556,0.046,267.9,264,-9.65
"2026-03-04 16:13:00",3036,12.26,-8.49,0.556,0.463,267.8,264.4,-9.61
"2026-03-04 16:14:00",3037,12.26,-8.49,0.556,0.556,267.7,264.7,-9.59
"2026-03-04 16:15:00",3038,12.26,-8.49,0.556,0.25,267.3,264.5,-9.65
"2026-03-04 16:16:00",3039,12.26,-8.49,0.556,0,267.1,264.2,-9.67
"2026-03-04 16:17:00",3040,12.26,-8.51,0.556,-0.056,267,263.8,-9.71
"2026-03-04 16:18:00",3041,12.26,-8.51,0.185,-0.556,266.7,263.5,-9.78
"2026-03-04 16:19:00",3042,12.26,-8.51,0.417,-0.547,266.6,263.6,-9.76
"2026-03-04 16:20:00",3043,12.26,-8.51,0.528,-0.556,266.5,263.6,-9.77
"2026-03-04 16:21:00",3044,12.26,-8.51,0.556,-0.083,266.5,263.5,-9.78
"2026-03-04 16:22:00",3045,12.26,-8.51,0.556,0.065,266.5,263.7,-9.74
"2026-03-04 16:23:00",3046,12.26,-8.53,0.556,0.176,266.3,263.6,-9.77
"2026-03-04 16:24:00",3047,12.26,-8.53,0.556,0,266.3,264,-9.76
"2026-03-04 16:25:00",3048,12.26,-8.53,0.491,-0.195,266.4,264.2,-9.77
"2026-03-04 16:26:00",3049,12.26,-8.53,-0.269,-0.556,266.3,263.9,-9.81
"2026-03-04 16:27:00",3050,12.26,-8.55,0.046,-0.556,266.3,263.6,-9.81
"2026-03-04 16:28:00",3051,12.26,-8.55,0.38,-0.491,266.1,263.3,-9.85
"2026-03-04 16:29:00",3052,12.26,-8.55,0.398,-0.556,266.3,263.3,-9.85
"2026-03-04 16:30:00",3053,12.26,-8.58,0.176,-0.556,266.3,263.1,-9.86
"2026-03-04 16:31:00",3054,12.26,-8.58,0.556,-0.278,266.5,263.1,-9.86
"2026-03-04 16:32:00",3055,12.26,-8.58,0.093,-0.565,266.3,262.8,-9.93
"2026-03-04 16:33:00",3056,12.26,-8.58,-0.259,-0.556,266.4,262.8,-9.91
"2026-03-04 16:34:00",3057,12.26,-8.6,0.371,-0.463,266.5,263.1,-9.89
"2026-03-04 16:35:00",3058,12.26,-8.6,0.25,-0.445,266.8,263.1,-9.85
"2026-03-04 16:36:00",3059,12.26,-8.6,0.5,-0.213,267.3,263.2,-9.78
"2026-03-04 16:37:00",3060,12.26,-8.6,0.556,0.046,267.3,263,-9.75
"2026-03-04 16:38:00",3061,12.26,-8.6,0.556,-0.037,267.1,263,-9.75
"2026-03-04 16:39:00",3062,12.26,-8.62,0.556,-0.037,266.7,263,-9.75
"2026-03-04 16:40:00",3063,12.26,-8.62,0.556,0,266.9,263,-9.75
"2026-03-04 16:41:00",3064,12.26,-8.62,0.556,-0.315,266.8,263,-9.75
"2026-03-04 16:42:00",3065,12.26,-8.62,0.556,-0.287,266.4,262.6,-9.84
"2026-03-04 16:43:00",3066,12.26,-8.64,0.056,-0.584,266.4,262.9,-9.85
"2026-03-04 16:44:00",3067,12.26,-8.64,-0.269,-0.593,266.3,263.2,-9.85
"2026-03-04 16:45:00",3068,12.26,-8.64,-0.093,-0.556,266.3,263.6,-9.84
"2026-03-04 16:46:00",3069,12.26,-8.64,0.333,-0.519,266.1,263.6,-9.85
"2026-03-04 16:47:00",3070,12.26,-8.64,0.556,-0.408,265.9,263.9,-9.85
"2026-03-04 16:48:00",3071,12.26,-8.64,0.556,-0.019,265.9,264.2,-9.86
"2026-03-04 16:49:00",3072,12.26,-8.64,0.556,-0.157,265.9,264.2,-9.86
"2026-03-04 16:50:00",3073,12.26,-8.67,0.556,0,265.9,264.5,-9.86
"2026-03-04 16:51:00",3074,12.26,-8.67,0.556,0,265.9,264.8,-9.86
"2026-03-04 16:52:00",3075,12.26,-8.67,0.556,0,266.2,265.2,-9.86
"2026-03-04 16:53:00",3076,12.26,-8.67,0.556,-0.148,266.3,265.5,-9.86
"2026-03-04 16:54:00",3077,12.26,-8.67,0.185,-0.509,266.4,265.6,-9.86
"2026-03-04 16:55:00",3078,12.26,-8.69,0.019,-0.371,266.2,265.6,-9.89
"2026-03-04 16:56:00",3079,12.26,-8.69,-0.38,-0.556,266,265.5,-9.9
"2026-03-04 16:57:00",3080,12.26,-8.69,0.148,-0.343,266,265.3,-9.92
"2026-03-04 16:58:00",3081,12.26,-8.69,-0.333,-0.482,266.1,265.4,-9.92
"2026-03-04 16:59:00",3082,12.26,-8.69,0.435,-0.102,266.6,265.7,-9.84
"2026-03-04 17:00:00",3083,12.26,-8.71,0.556,0.232,266.7,266,-9.84
"2026-03-04 17:01:00",3084,12.26,-8.71,0.556,0,266.5,265.9,-9.84
"2026-03-04 17:02:00",3085,12.26,-8.71,0.556,0.343,266.5,265.6,-9.85
"2026-03-04 17:03:00",3086,12.26,-8.71,0.556,0.547,266.6,265.5,-9.85
"2026-03-04 17:04:00",3087,12.26,-8.73,0.556,0,266.7,265.3,-9.85
"2026-03-04 17:05:00",3088,12.26,-8.73,0.556,0.009,266.9,265.6,-9.78
"2026-03-04 17:06:00",3089,12.26,-8.73,0.556,0.537,266.9,265.7,-9.75
"2026-03-04 17:07:00",3090,12.26,-8.73,0.556,0.556,266.9,265.4,-9.76
"2026-03-04 17:08:00",3091,12.26,-8.73,0.556,0.065,266.6,265.3,-9.76
"2026-03-04 17:09:00",3092,12.26,-8.73,0.556,0.213,266.3,265.4,-9.76
"2026-03-04 17:10:00",3093,12.26,-8.73,0.556,0.204,266.3,265.8,-9.76
"2026-03-04 17:11:00",3094,12.26,-8.73,0.556,0,266.4,266.1,-9.76
"2026-03-04 17:12:00",3095,12.26,-8.76,0.556,0,266.6,266.2,-9.75
"2026-03-04 17:13:00",3096,12.26,-8.76,0.556,0,266.6,265.9,-9.77
"2026-03-04 17:14:00",3097,12.26,-8.76,0.556,0,266.6,266,-9.76
"2026-03-04 17:15:00",3098,12.26,-8.76,0.371,-0.213,266.8,266.6,-9.74
"2026-03-04 17:16:00",3099,12.26,-8.76,-0.213,-0.556,266.8,266.4,-9.82
"2026-03-04 17:17:00",3100,12.26,-8.76,-0.547,-0.556,266.9,266.3,-9.85
"2026-03-04 17:18:00",3101,12.26,-8.78,-0.454,-0.556,267.6,266.3,-9.8
"2026-03-04 17:19:00",3102,12.26,-8.78,-0.195,-0.556,268.5,266.7,-9.74
"2026-03-04 17:20:00",3103,12.26,-8.78,0.556,0,269,266.8,-9.67
"2026-03-04 17:21:00",3104,12.26,-8.78,0.556,0.157,268.9,267.1,-9.65
"2026-03-04 17:22:00",3105,12.26,-8.78,0.556,0.056,268.8,267,-9.64
"2026-03-04 17:23:00",3106,12.26,-8.78,0.5,-0.176,269.2,267,-9.59
"2026-03-04 17:24:00",3107,12.26,-8.78,0.556,0,269,266.9,-9.6
"2026-03-04 17:25:00",3108,12.26,-8.76,0.556,0,268.7,266.8,-9.6
"2026-03-04 17:26:00",3109,12.26,-8.76,0.556,-0.037,268.4,266.7,-9.58
"2026-03-04 17:27:00",3110,12.26,-8.76,0.556,-0.408,267.8,266.5,-9.64
"2026-03-04 17:28:00",3111,12.26,-8.76,0.204,-0.556,267.6,266.8,-9.65
"2026-03-04 17:29:00",3112,12.26,-8.76,-0.111,-0.556,267.5,266.9,-9.69
"2026-03-04 17:30:00",3113,12.26,-8.76,-0.102,-0.556,267.6,267,-9.69
"2026-03-04 17:31:00",3114,12.26,-8.76,-0.176,-0.556,268,267.1,-9.68
"2026-03-04 17:32:00",3115,12.26,-8.76,-0.25,-0.472,268.8,267.4,-9.66
"2026-03-04 17:33:00",3116,12.26,-8.76,0.556,0,269,267.8,-9.59
"2026-03-04 17:34:00",3117,12.26,-8.76,0.556,0,269.1,268,-9.59
"2026-03-04 17:35:00",3118,12.26,-8.73,0.445,-0.167,269.1,268.3,-9.59
"2026-03-04 17:36:00",3119,12.26,-8.73,0.371,-0.157,269.2,268.6,-9.61
"2026-03-04 17:37:00",3120,12.26,-8.73,0.269,-0.306,269.2,268.5,-9.59
"2026-03-04 17:38:00",3121,12.26,-8.73,0.556,0.019,269.3,268.2,-9.53
"2026-03-04 17:39:00",3122,12.26,-8.73,0.556,0,269.2,267.7,-9.52
"2026-03-04 17:40:00",3123,12.26,-8.73,0.25,-0.102,269.1,267.2,-9.52
"2026-03-04 17:41:00",3124,12.26,-8.73,0.426,-0.278,268.9,267.2,-9.52
"2026-03-04 17:42:00",3125,12.26,-8.73,0.482,-0.417,268.6,267.2,-9.52
"2026-03-04 17:43:00",3126,12.26,-8.71,-0.25,-0.463,268.4,267.1,-9.56
"2026-03-04 17:44:00",3127,12.26,-8.71,0.204,-0.528,268.8,267.1,-9.5
"2026-03-04 17:45:00",3128,12.26,-8.71,0.556,0.157,269.1,267,-9.44
"2026-03-04 17:46:00",3129,12.26,-8.71,0.723,0.556,269.2,267.1,-9.44
"2026-03-04 17:47:00",3130,12.26,-8.71,0.584,0.5,269.5,267.4,-9.36
"2026-03-04 17:48:00",3131,12.26,-8.71,0.667,0.528,269.8,267.6,-9.29
"2026-03-04 17:49:00",3132,12.26,-8.69,1.436,0.556,269.9,267.8,-9.29
"2026-03-04 17:50:00",3133,12.26,-8.69,1.093,0.556,269.4,267.9,-9.28
"2026-03-04 17:51:00",3134,12.26,-8.69,0.741,0.556,269,267.9,-9.29
"2026-03-04 17:52:00",3135,12.26,-8.69,0.695,0.537,268.7,267.8,-9.31
"2026-03-04 17:53:00",3136,12.26,-8.67,0.556,0.185,268.3,267.9,-9.32
"2026-03-04 17:54:00",3137,12.26,-8.67,0.556,0.056,268.1,268.1,-9.32
"2026-03-04 17:55:00",3138,12.26,-8.67,0.556,0.009,268.7,268.4,-9.29
"2026-03-04 17:56:00",3139,12.26,-8.67,0.463,-0.408,269.2,268.7,-9.28
"2026-03-04 17:57:00",3140,12.26,-8.67,0.046,-0.537,269.2,268.6,-9.34
"2026-03-04 17:58:00",3141,12.26,-8.67,-0.296,-0.556,269.3,268.6,-9.36
"2026-03-04 17:59:00",3142,12.26,-8.64,-0.352,-0.556,268.9,268.3,-9.44
"2026-03-04 18:00:00",3143,12.26,-8.64,-0.556,-0.556,268.7,268.3,-9.45
"2026-03-04 18:01:00",3144,12.26,-8.64,-0.556,-0.593,268.3,268.5,-9.46
"2026-03-04 18:02:00",3145,12.26,-8.64,-0.315,-0.658,268.3,268.3,-9.44
"2026-03-04 18:03:00",3146,12.26,-8.64,0.389,-0.361,268,268.3,-9.46
"2026-03-04 18:04:00",3147,12.26,-8.64,-0.482,-0.556,268.1,268.1,-9.48
"2026-03-04 18:05:00",3148,12.26,-8.64,-0.537,-0.741,268.3,268.2,-9.47
"2026-03-04 18:06:00",3149,12.26,-8.64,0.148,-0.417,268.7,268.4,-9.45
"2026-03-04 18:07:00",3150,12.26,-8.64,0.556,0.102,268.6,268.3,-9.46
"2026-03-04 18:08:00",3151,12.26,-8.64,0.574,0.185,269.1,268.4,-9.42
"2026-03-04 18:09:00",3152,12.26,-8.64,0.537,-0.028,269.1,268.3,-9.45
"2026-03-04 18:10:00",3153,12.26,-8.64,0.519,-0.25,269.5,268.3,-9.44
"2026-03-04 18:11:00",3154,12.26,-8.64,0.556,-0.361,269.2,268.3,-9.44
"2026-03-04 18:12:00",3155,12.26,-8.64,0.556,-0.556,269,268.3,-9.44
"2026-03-04 18:13:00",3156,12.26,-8.64,0.435,-0.556,268.9,268.3,-9.44
"2026-03-04 18:14:00",3157,12.26,-8.64,0.556,-0.296,268.5,268.4,-9.45
"2026-03-04 18:15:00",3158,12.26,-8.62,0.556,-0.232,268.1,268.5,-9.43
"2026-03-04 18:16:00",3159,12.26,-8.62,0.556,0,268,268.6,-9.41
"2026-03-04 18:17:00",3160,12.26,-8.62,0.556,0,268.1,268.5,-9.44
"2026-03-04 18:18:00",3161,12.26,-8.62,0.556,-0.222,268.1,268.4,-9.46
"2026-03-04 18:19:00",3162,12.26,-8.62,0.556,-0.547,268.3,268.7,-9.43
"2026-03-04 18:20:00",3163,12.26,-8.62,0.537,-0.556,268.2,268.7,-9.44
"2026-03-04 18:21:00",3164,12.26,-8.62,0.12,-0.556,268.2,268.8,-9.43
"2026-03-04 18:22:00",3165,12.26,-8.62,0.065,-0.556,268,268.7,-9.49
"2026-03-04 18:23:00",3166,12.26,-8.62,-0.102,-0.556,268.2,268.8,-9.5
"2026-03-04 18:24:00",3167,12.26,-8.62,-0.435,-0.658,268.8,269,-9.53
"2026-03-04 18:25:00",3168,12.26,-8.62,-0.519,-0.556,269.2,269.2,-9.5
"2026-03-04 18:26:00",3169,12.26,-8.62,0.482,-0.556,269.6,269.2,-9.45
"2026-03-04 18:27:00",3170,12.26,-8.62,0.556,0.185,270,269.3,-9.38
"2026-03-04 18:28:00",3171,12.26,-8.62,0.556,0.009,270.4,269.6,-9.34
"2026-03-04 18:29:00",3172,12.26,-8.62,0.556,0.12,270.8,269.6,-9.28
"2026-03-04 18:30:00",3173,12.26,-8.62,0.917,0.547,270.6,269.9,-9.21
"2026-03-04 18:31:00",3174,12.26,-8.6,0.556,0.454,270.2,269.8,-9.2
"2026-03-04 18:32:00",3175,12.26,-8.6,0.556,0.111,269.7,269.8,-9.2
"2026-03-04 18:33:00",3176,12.26,-8.6,0.556,-0.167,269.6,269.7,-9.24
"2026-03-04 18:34:00",3177,12.26,-8.6,0.371,-0.556,269.8,269.7,-9.27
"2026-03-04 18:35:00",3178,12.26,-8.6,0.482,-0.556,270.5,270.1,-9.22
"2026-03-04 18:36:00",3179,12.26,-8.6,0.556,-0.296,270.6,269.9,-9.17
"2026-03-04 18:37:00",3180,12.26,-8.6,0.556,-0.222,271,270.2,-9.14
"2026-03-04 18:38:00",3181,12.26,-8.58,0.556,0.12,270.5,270.1,-9.13
"2026-03-04 18:39:00",3182,12.26,-8.58,0.556,0.167,270.1,270.1,-9.13
"2026-03-04 18:40:00",3183,12.26,-8.58,0.556,-0.398,269.6,270.2,-9.15
"2026-03-04 18:41:00",3184,12.26,-8.55,0.519,-0.556,269.6,270.2,-9.17
"2026-03-04 18:42:00",3185,12.26,-8.55,0.056,-0.556,269.9,270.4,-9.16
"2026-03-04 18:43:00",3186,12.26,-8.55,0.556,-0.556,270.4,270.3,-9.14
"2026-03-04 18:44:00",3187,12.26,-8.55,0.556,-0.287,270.4,270.4,-9.12
"2026-03-04 18:45:00",3188,12.26,-8.55,0.278,-0.556,271.2,270.5,-9.14
"2026-03-04 18:46:00",3189,12.26,-8.55,0.435,-0.528,271.4,270.4,-9.12
"2026-03-04 18:47:00",3190,12.26,-8.53,0.324,-0.547,271.3,270.1,-9.13
"2026-03-04 18:48:00",3191,12.26,-8.53,0.556,-0.157,270.7,269.9,-9.13
"2026-03-04 18:49:00",3192,12.26,-8.53,0.5,-0.556,270.3,270,-9.12
"2026-03-04 18:50:00",3193,12.26,-8.53,0.482,-0.556,270.2,269.9,-9.13
"2026-03-04 18:51:00",3194,12.26,-8.51,0.065,-0.556,270.1,269.7,-9.17
"2026-03-04 18:52:00",3195,12.26,-8.51,0.037,-0.556,270.3,269.8,-9.17
"2026-03-04 18:53:00",3196,12.25,-8.51,-0.074,-0.556,271,269.7,-9.2
"2026-03-04 18:54:00",3197,12.26,-8.51,-0.315,-0.556,271.6,270,-9.18
"2026-03-04 18:55:00",3198,12.26,-8.51,0.185,-0.556,272.1,270,-9.14
"2026-03-04 18:56:00",3199,12.26,-8.49,0.13,-0.565,272.5,270.1,-9.09
"2026-03-04 18:57:00",3200,12.26,-8.49,0.621,-0.056,272.1,270,-9.03
"2026-03-04 18:58:00",3201,12.26,-8.49,0.593,-0.167,272,270.2,-9
"2026-03-04 18:59:00",3202,12.26,-8.46,0.556,-0.445,272.9,270.3,-8.97
"2026-03-04 19:00:00",3203,12.26,-8.46,0.556,-0.556,272.9,270.3,-8.98
"2026-03-04 19:01:00",3204,12.26,-8.46,0.556,-0.509,273.1,270.5,-8.88
"2026-03-04 19:02:00",3205,12.26,-8.44,0.556,-0.556,272.6,270.5,-8.87
"2026-03-04 19:03:00",3206,12.26,-8.44,0.556,-0.259,272.2,270.5,-8.84
"2026-03-04 19:04:00",3207,12.26,-8.44,0.556,-0.547,272.1,270.7,-8.85
"2026-03-04 19:05:00",3208,12.26,-8.42,0.491,-0.556,271.8,270.7,-8.88
"2026-03-04 19:06:00",3209,12.26,-8.42,-0.046,-0.685,272.6,271,-8.88
"2026-03-04 19:07:00",3210,12.26,-8.4,0.333,-0.556,273.2,271,-8.84
"2026-03-04 19:08:00",3211,12.26,-8.4,0.463,-0.556,273.7,271.1,-8.82
"2026-03-04 19:09:00",3212,12.26,-8.38,0.556,-0.556,273.2,271.3,-8.83
"2026-03-04 19:10:00",3213,12.26,-8.38,0.556,-0.296,272.9,271.6,-8.82
"2026-03-04 19:11:00",3214,12.26,-8.38,0.556,-0.556,272.6,271.6,-8.82
"2026-03-04 19:12:00",3215,12.26,-8.35,0.241,-0.556,272.4,271.5,-8.84
"2026-03-04 19:13:00",3216,12.26,-8.35,-0.556,-0.556,272.3,271.3,-8.87
"2026-03-04 19:14:00",3217,12.26,-8.33,-0.556,-0.556,272.1,271,-8.91
"2026-03-04 19:15:00",3218,12.26,-8.33,-0.556,-0.834,272.4,271.1,-8.94
"2026-03-04 19:16:00",3219,12.26,-8.33,-0.371,-0.658,273.5,271.5,-8.88
"2026-03-04 19:17:00",3220,12.26,-8.31,0.556,-0.556,273.5,271.6,-8.85
"2026-03-04 19:18:00",3221,12.26,-8.31,0.556,-0.556,273.2,271.8,-8.85
"2026-03-04 19:19:00",3222,12.26,-8.28,0.324,-0.556,272.6,271.9,-8.89
"2026-03-04 19:20:00",3223,12.26,-8.28,-0.556,-0.556,272.3,271.9,-8.94
"2026-03-04 19:21:00",3224,12.26,-8.28,-0.176,-0.556,272.2,272,-8.95
"2026-03-04 19:22:00",3225,12.26,-8.28,-0.269,-0.556,272.3,272.2,-8.95
"2026-03-04 19:23:00",3226,12.26,-8.26,-0.296,-0.556,272.6,272.4,-8.95
"2026-03-04 19:24:00",3227,12.26,-8.26,0.547,-0.556,272.7,272.4,-8.94
"2026-03-04 19:25:00",3228,12.26,-8.26,0.333,-0.556,273.4,272.4,-8.88
"2026-03-04 19:26:00",3229,12.26,-8.24,0.556,-0.556,273.5,272,-8.86
"2026-03-04 19:27:00",3230,12.26,-8.24,0.556,-0.556,273.5,271.9,-8.86
"2026-03-04 19:28:00",3231,12.26,-8.24,0.547,-0.556,273.5,271.7,-8.83
"2026-03-04 19:29:00",3232,12.26,-8.22,0.426,-0.556,274.4,271.1,-8.82
"2026-03-04 19:30:00",3233,12.26,-8.22,0.574,-0.556,273.6,270.2,-8.84
"2026-03-04 19:31:00",3234,12.26,-8.22,0.556,-0.556,273.8,269.6,-8.79
"2026-03-04 19:32:00",3235,12.26,-8.22,0.556,-0.556,273.5,269,-8.73
"2026-03-04 19:33:00",3236,12.26,-8.19,0.482,-0.991,273.6,268.6,-8.73
"2026-03-04 19:34:00",3237,12.26,-8.19,0.556,-1.084,273.9,268.2,-8.73
"2026-03-04 19:35:00",3238,12.26,-8.17,0.556,-1.102,273.6,268.1,-8.69
"2026-03-04 19:36:00",3239,12.26,-8.17,0.556,-1.426,273.8,268,-8.67
"2026-03-04 19:37:00",3240,12.26,-8.17,0.648,-1.297,273.4,267.5,-8.68
"2026-03-04 19:38:00",3241,12.26,-8.15,0.741,-1.427,273,267.3,-8.68
"2026-03-04 19:39:00",3242,12.26,-8.15,0.556,-1.667,273.3,267.1,-8.68
"2026-03-04 19:40:00",3243,12.26,-8.15,0.556,-1.603,272.7,266.3,-8.68
"2026-03-04 19:41:00",3244,12.26,-8.13,0.556,-1.593,272.7,266.1,-8.68
"2026-03-04 19:42:00",3245,12.26,-8.13,0.556,-1.565,273,265.9,-8.68
"2026-03-04 19:43:00",3246,12.26,-8.13,0.491,-1.667,273.2,265.2,-8.67
"2026-03-04 19:44:00",3247,12.26,-8.11,0.556,-1.667,272.9,264.8,-8.64
"2026-03-04 19:45:00",3248,12.26,-8.11,0.556,-1.667,273,264.4,-8.61
"2026-03-04 19:46:00",3249,12.26,-8.11,0.565,-1.667,272.7,264.6,-8.56
"2026-03-04 19:47:00",3250,12.26,-8.08,0.556,-1.667,272.4,263.9,-8.58
"2026-03-04 19:48:00",3251,12.26,-8.08,0.556,-1.686,272.4,263.3,-8.57
"2026-03-04 19:49:00",3252,12.26,-8.08,0.417,-1.88,273,262.6,-8.55
"2026-03-04 19:50:00",3253,12.26,-8.08,0.556,-1.667,272.9,261.9,-8.53
"2026-03-04 19:51:00",3254,12.26,-8.06,0.556,-1.834,272.8,261.5,-8.53
"2026-03-04 19:52:00",3255,12.26,-8.06,0.556,-1.751,272.2,261.7,-8.53
"2026-03-04 19:53:00",3256,12.26,-8.06,0.556,-1.667,272.5,261.7,-8.54
"2026-03-04 19:54:00",3257,12.26,-8.06,0.556,-1.667,272.2,262.2,-8.54
"2026-03-04 19:55:00",3258,12.26,-8.04,-0.046,-2.075,273.2,263.3,-8.52
"2026-03-04 19:56:00",3259,12.26,-8.04,0.195,-1.955,273.6,263.7,-8.48
"2026-03-04 19:57:00",3260,12.26,-8.04,0.556,-2.214,273.6,264.1,-8.5
"2026-03-04 19:58:00",3261,12.26,-8.04,0.556,-2.223,273.6,265,-8.5
"2026-03-04 19:59:00",3262,12.26,-8.02,0.556,-2.223,273.9,266.2,-8.4
"2026-03-04 20:00:00",3263,12.26,-8.02,0.556,-2.112,273.6,266.7,-8.4
"2026-03-04 20:01:00",3264,12.26,-8.02,0.556,-2.029,273.5,266.4,-8.4
"2026-03-04 20:02:00",3265,12.26,-8.02,0.556,-2.223,273.7,265.5,-8.41
"2026-03-04 20:03:00",3266,12.26,-8.02,0.556,-2.14,273.4,264.4,-8.4
"2026-03-04 20:04:00",3267,12.26,-7.993,0.556,-2.223,273.6,264,-8.4
"2026-03-04 20:05:00",3268,12.26,-7.993,0.556,-1.992,273.2,264.4,-8.41
"2026-03-04 20:06:00",3269,12.26,-7.993,0.556,-2.223,273.3,264.1,-8.48
"2026-03-04 20:07:00",3270,12.26,-7.973,0.222,-2.445,273.5,263.1,-8.5
"2026-03-04 20:08:00",3271,12.26,-7.973,0.509,-2.557,273.9,263.1,-8.47
"2026-03-04 20:09:00",3272,12.26,-7.973,0.556,-2.223,273.7,263,-8.43
"2026-03-04 20:10:00",3273,12.26,-7.973,0.556,-2.381,273.8,262.9,-8.45
"2026-03-04 20:11:00",3274,12.26,-7.973,0.556,-2.232,273.6,262.9,-8.4
"2026-03-04 20:12:00",3275,12.26,-7.951,0.556,-2.316,273.6,262.9,-8.43
"2026-03-04 20:13:00",3276,12.26,-7.951,0.556,-2.223,273.3,262.3,-8.47
"2026-03-04 20:14:00",3277,12.26,-7.951,0.556,-2.621,273.7,261.6,-8.44
"2026-03-04 20:15:00",3278,12.26,-7.951,0.556,-2.232,273.4,261.8,-8.45
"2026-03-04 20:16:00",3279,12.26,-7.951,0.556,-2.232,273.4,262.8,-8.48
"2026-03-04 20:17:00",3280,12.26,-7.928,0.547,-2.362,273.4,263.6,-8.48
"2026-03-04 20:18:00",3281,12.26,-7.928,0.445,-1.899,273.4,263.1,-8.48
"2026-03-04 20:19:00",3282,12.26,-7.928,0.12,-2.344,273.7,263,-8.47
"2026-03-04 20:20:00",3283,12.26,-7.928,0.389,-2.168,273.7,263,-8.47
"2026-03-04 20:21:00",3284,12.26,-7.928,0.509,-1.732,273.2,262.9,-8.49
"2026-03-04 20:22:00",3285,12.26,-7.928,0.25,-1.927,273.4,263.2,-8.5
"2026-03-04 20:23:00",3286,12.26,-7.905,-0.028,-2.075,273.3,263.8,-8.55
"2026-03-04 20:24:00",3287,12.26,-7.905,0.269,-2.214,273.4,264.2,-8.52
"2026-03-04 20:25:00",3288,12.26,-7.905,0.556,-1.88,273.6,264.3,-8.47
"2026-03-04 20:26:00",3289,12.26,-7.905,0.472,-2.056,273.7,263.6,-8.48
"2026-03-04 20:27:00",3290,12.26,-7.905,0.547,-2.297,273.7,262.8,-8.49
"2026-03-04 20:28:00",3291,12.26,-7.905,0.556,-1.825,273.1,262.9,-8.5
"2026-03-04 20:29:00",3292,12.26,-7.905,0.556,-1.843,272.9,263.5,-8.51
"2026-03-04 20:30:00",3293,12.26,-7.905,0.556,-2.186,273.8,264.4,-8.43
"2026-03-04 20:31:00",3294,12.26,-7.905,0.556,-2.038,273.9,265.2,-8.4
"2026-03-04 20:32:00",3295,12.26,-7.883,0.556,-2.01,273.8,265.1,-8.39
"2026-03-04 20:33:00",3296,12.26,-7.883,0.556,-1.704,273.3,264.3,-8.42
"2026-03-04 20:34:00",3297,12.26,-7.883,0.435,-1.899,273.1,263.7,-8.47
"2026-03-04 20:35:00",3298,12.26,-7.883,0.176,-2.223,273.8,263.6,-8.41
"2026-03-04 20:36:00",3299,12.26,-7.883,0.556,-1.945,273.7,263.5,-8.39
"2026-03-04 20:37:00",3300,12.26,-7.883,0.556,-1.732,273.6,263.9,-8.39
"2026-03-04 20:38:00",3301,12.26,-7.883,0.556,-1.667,273.2,264.7,-8.4
"2026-03-04 20:39:00",3302,12.26,-7.883,0.333,-1.667,272.9,265,-8.47
"2026-03-04 20:40:00",3303,12.26,-7.883,0.556,-1.667,272.6,264,-8.49
"2026-03-04 20:41:00",3304,12.26,-7.883,-0.111,-1.714,272.7,263.7,-8.47
"2026-03-04 20:42:00",3305,12.26,-7.883,0.371,-1.667,272.8,264.2,-8.49
"2026-03-04 20:43:00",3306,12.26,-7.883,-0.445,-1.667,272.8,265.3,-8.53
"2026-03-04 20:44:00",3307,12.26,-7.883,-0.556,-1.667,272.8,265.7,-8.56
"2026-03-04 20:45:00",3308,12.26,-7.86,-0.315,-1.667,272.7,266.1,-8.59
"2026-03-04 20:46:00",3309,12.26,-7.883,-0.556,-1.667,272.6,266.2,-8.66
"2026-03-04 20:47:00",3310,12.26,-7.883,-0.556,-1.667,272.6,266.3,-8.66
"2026-03-04 20:48:00",3311,12.26,-7.883,-0.556,-1.667,272.5,266.2,-8.7
"2026-03-04 20:49:00",3312,12.26,-7.883,-0.556,-1.667,272.4,266,-8.78
"2026-03-04 20:50:00",3313,12.26,-7.883,-0.556,-1.38,272.5,266.2,-8.8
"2026-03-04 20:51:00",3314,12.26,-7.883,-0.556,-1.343,272.4,266.6,-8.84
"2026-03-04 20:52:00",3315,12.26,-7.883,-0.556,-1.566,272.4,267,-8.89
"2026-03-04 20:53:00",3316,12.26,-7.883,-0.556,-1.621,272.3,266.8,-8.94
"2026-03-04 20:54:00",3317,12.26,-7.883,-0.556,-0.982,272.5,266.1,-8.95
"2026-03-04 20:55:00",3318,12.26,-7.883,-0.556,-0.88,272.4,265.7,-8.99
"2026-03-04 20:56:00",3319,12.26,-7.883,-0.352,-0.574,272.6,265.6,-8.96
"2026-03-04 20:57:00",3320,12.26,-7.883,-0.398,-0.556,272.7,265.5,-8.98
"2026-03-04 20:58:00",3321,12.26,-7.883,-0.556,-0.556,272.6,264.9,-9.03
"2026-03-04 20:59:00",3322,12.26,-7.883,-0.556,-0.565,272.3,264.1,-9.11
"2026-03-04 21:00:00",3323,12.26,-7.883,-0.556,-0.556,272.3,263.6,-9.13
"2026-03-04 21:01:00",3324,12.26,-7.883,-0.556,-0.639,272.6,263.8,-9.11
"2026-03-04 21:02:00",3325,12.26,-7.905,0.12,-0.556,272.5,263.7,-9.12
"2026-03-04 21:03:00",3326,12.26,-7.905,-0.435,-0.556,272.3,264.6,-9.17
"2026-03-04 21:04:00",3327,12.26,-7.905,-0.556,-0.556,272.5,266.2,-9.2
"2026-03-04 21:05:00",3328,12.26,-7.905,-0.556,-0.556,273,267.6,-9.2
"2026-03-04 21:06:00",3329,12.26,-7.905,0.083,-0.454,273.2,268.1,-9.17
"2026-03-04 21:07:00",3330,12.26,-7.905,-0.306,-0.556,273.5,268.4,-9.15
"2026-03-04 21:08:00",3331,12.26,-7.905,0.093,-0.547,273.8,268.8,-9.12
"2026-03-04 21:09:00",3332,12.26,-7.905,0.537,-0.333,274,269.1,-9.1
"2026-03-04 21:10:00",3333,12.26,-7.905,0.556,-0.139,274.2,269,-9.05
"2026-03-04 21:11:00",3334,12.26,-7.905,0.556,0.222,274,269.1,-9.05
"2026-03-04 21:12:00",3335,12.26,-7.905,0.556,-0.009,273.9,269.1,-9.04
"2026-03-04 21:13:00",3336,12.26,-7.905,0.38,-0.445,273.8,269.5,-9.04
"2026-03-04 21:14:00",3337,12.26,-7.905,0.102,-0.482,273.8,270.5,-9.09
"2026-03-04 21:15:00",3338,12.26,-7.905,-0.241,-0.287,273.9,271.1,-9.12
"2026-03-04 21:16:00",3339,12.26,-7.905,-0.296,-0.046,274,271.4,-9.12
"2026-03-04 21:17:00",3340,12.26,-7.905,-0.463,0,274.1,271.6,-9.12
"2026-03-04 21:18:00",3341,12.26,-7.905,-0.556,0,274.2,272.1,-9.12
"2026-03-04 21:19:00",3342,12.26,-7.905,-0.556,0.204,274.2,272,-9.12
"2026-03-04 21:20:00",3343,12.26,-7.905,-0.556,0.019,274.2,272.2,-9.11
"2026-03-04 21:21:00",3344,12.26,-7.905,-0.556,0.037,274.4,272.1,-9.12
"2026-03-04 21:22:00",3345,12.26,-7.905,-0.491,0.38,274.4,272.2,-9.12
"2026-03-04 21:23:00",3346,12.26,-7.905,-0.509,0.185,274.5,272.5,-9.12
"2026-03-04 21:24:00",3347,12.26,-7.905,0.167,0.519,274.4,272.4,-9.12
"2026-03-04 21:25:00",3348,12.26,-7.905,0.259,0.426,274.3,272.4,-9.13
"2026-03-04 21:26:00",3349,12.26,-7.905,-0.222,0.232,274.3,272.4,-9.12
"2026-03-04 21:27:00",3350,12.26,-7.883,-0.445,0.093,274.2,271.2,-9.13
"2026-03-04 21:28:00",3351,12.26,-7.883,-0.408,0,273.9,267.2,-9.13
"2026-03-04 21:29:00",3352,12.26,-7.883,0.426,0.046,273.6,265.4,-9.12
"2026-03-04 21:30:00",3353,12.26,-7.883,0.324,-0.046,273.4,265.6,-9.12
"2026-03-04 21:31:00",3354,12.26,-7.883,0.12,-0.269,273.6,268.9,-9.13
"2026-03-04 21:32:00",3355,12.26,-7.883,-0.056,-0.259,273.6,270.2,-9.17
"2026-03-04 21:33:00",3356,12.26,-7.883,-0.074,0,273.7,269,-9.16
"2026-03-04 21:34:00",3357,12.26,-7.883,-0.12,-0.028,273.7,268.9,-9.16
"2026-03-04 21:35:00",3358,12.26,-7.883,0.157,0,273.6,270.4,-9.18
"2026-03-04 21:36:00",3359,12.26,-7.883,-0.213,-0.019,273.6,269.4,-9.18
"2026-03-04 21:37:00",3360,12.26,-7.883,0.213,0,273.6,269.1,-9.18
"2026-03-04 21:38:00",3361,12.26,-7.883,0.435,0.009,273.4,265.8,-9.18
"2026-03-04 21:39:00",3362,12.26,-7.883,0.463,-0.213,273.2,265.1,-9.17
"2026-03-04 21:40:00",3363,12.26,-7.883,-0.232,-0.547,273.1,265,-9.16
"2026-03-04 21:41:00",3364,12.26,-7.883,0.333,-0.509,272.9,264,-9.21
"2026-03-04 21:42:00",3365,12.26,-7.883,0.352,-0.556,272.7,263.3,-9.22
"2026-03-04 21:43:00",3366,12.26,-7.883,0.046,-0.556,272.2,263.7,-9.28
"2026-03-04 21:44:00",3367,12.26,-7.883,-0.491,-0.556,272.4,264,-9.27
"2026-03-04 21:45:00",3368,12.26,-7.883,0.074,-0.556,272.2,263.5,-9.31
"2026-03-04 21:46:00",3369,12.26,-7.883,0.12,-0.556,272.4,263.4,-9.32
"2026-03-04 21:47:00",3370,12.26,-7.883,0.519,-0.547,272.4,264.1,-9.3
"2026-03-04 21:48:00",3371,12.26,-7.883,0.093,-0.556,272.5,265.2,-9.29
"2026-03-04 21:49:00",3372,12.26,-7.905,-0.25,-0.556,272.6,264.9,-9.29
"2026-03-04 21:50:00",3373,12.26,-7.905,0.232,-0.556,272.8,265.6,-9.29
"2026-03-04 21:51:00",3374,12.26,-7.905,0.315,-0.547,272.8,268.1,-9.29
"2026-03-04 21:52:00",3375,12.26,-7.905,0.028,-0.556,273.1,269.1,-9.29
"2026-03-04 21:53:00",3376,12.26,-7.905,0.222,-0.324,273.1,269,-9.3
"2026-03-04 21:54:00",3377,12.26,-7.905,0.213,-0.445,272.8,268.2,-9.33
"2026-03-04 21:55:00",3378,12.26,-7.905,-0.046,-0.472,272.7,267.4,-9.33
"2026-03-04 21:56:00",3379,12.26,-7.905,-0.528,-0.556,272.6,267.5,-9.33
"2026-03-04 21:57:00",3380,12.26,-7.905,-0.556,-0.556,272.6,267.5,-9.34
"2026-03-04 21:58:00",3381,12.26,-7.905,-0.213,-0.547,272.4,267.4,-9.37
"2026-03-04 21:59:00",3382,12.26,-7.905,-0.519,-0.556,272.2,265.5,-9.37
"2026-03-04 22:00:00",3383,12.26,-7.928,-0.185,-0.556,272.1,264.2,-9.39
"2026-03-04 22:01:00",3384,12.26,-7.928,-0.176,-0.556,272,264.8,-9.42
"2026-03-04 22:02:00",3385,12.26,-7.928,-0.009,-0.556,272.1,265.4,-9.44
"2026-03-04 22:03:00",3386,12.26,-7.928,0.111,-0.556,272.2,265.1,-9.43
"2026-03-04 22:04:00",3387,12.26,-7.928,0.38,-0.556,272,263.5,-9.45
"2026-03-04 22:05:00",3388,12.26,-7.928,0.12,-0.556,271.9,263.9,-9.44
"2026-03-04 22:06:00",3389,12.25,-7.928,0.083,-0.556,271.8,263.4,-9.45
"2026-03-04 22:07:00",3390,12.25,-7.928,-0.13,-0.556,271.8,262.7,-9.45
"2026-03-04 22:08:00",3391,12.26,-7.951,-0.324,-0.556,271.8,261.9,-9.45
"2026-03-04 22:09:00",3392,12.25,-7.951,0.083,-0.556,271.8,262.2,-9.46
"2026-03-04 22:10:00",3393,12.25,-7.951,0.509,-0.556,271.7,262.1,-9.45
"2026-03-04 22:11:00",3394,12.25,-7.951,0.556,-0.556,271.3,260.6,-9.5
"2026-03-04 22:12:00",3395,12.25,-7.951,0.435,-0.556,271.2,260,-9.49
"2026-03-04 22:13:00",3396,12.26,-7.951,0.028,-0.556,271.3,260.2,-9.46
"2026-03-04 22:14:00",3397,12.25,-7.973,0.445,-0.556,271.3,260.3,-9.5
"2026-03-04 22:15:00",3398,12.25,-7.973,0.389,-0.556,271.1,260.6,-9.53
"2026-03-04 22:16:00",3399,12.25,-7.973,-0.056,-0.556,271.1,260.8,-9.54
"2026-03-04 22:17:00",3400,12.25,-7.973,0.213,-0.556,270.6,260.1,-9.58
"2026-03-04 22:18:00",3401,12.25,-7.973,-0.352,-0.556,270.6,259.7,-9.59
"2026-03-04 22:19:00",3402,12.25,-7.993,0.102,-0.556,270.7,259.6,-9.62
"2026-03-04 22:20:00",3403,12.25,-7.993,0.472,-0.556,270.5,259.3,-9.63
"2026-03-04 22:21:00",3404,12.25,-7.993,0.352,-0.556,270.6,259.4,-9.61
"2026-03-04 22:22:00",3405,12.25,-7.993,0.176,-0.556,270.8,260.3,-9.61
"2026-03-04 22:23:00",3406,12.25,-8.02,0.556,-0.556,270.8,260.4,-9.62
"2026-03-04 22:24:00",3407,12.25,-8.02,0.509,-0.556,270.5,259.3,-9.61
"2026-03-04 22:25:00",3408,12.25,-8.02,0.556,-0.556,270.4,258.7,-9.61
"2026-03-04 22:26:00",3409,12.25,-8.02,0.287,-0.556,270,258.4,-9.63
"2026-03-04 22:27:00",3410,12.25,-8.02,0.306,-0.556,269.9,257.8,-9.64
"2026-03-04 22:28:00",3411,12.25,-8.04,0.25,-0.556,269.7,256.5,-9.66
"2026-03-04 22:29:00",3412,12.25,-8.04,0.111,-0.556,269.5,255.4,-9.69
"2026-03-04 22:30:00",3413,12.25,-8.04,0.556,-0.556,269.4,254.7,-9.7
"2026-03-04 22:31:00",3414,12.25,-8.06,0.185,-0.556,269.4,254,-9.73
"2026-03-04 22:32:00",3415,12.25,-8.06,0.046,-0.556,269.5,253.5,-9.74
"2026-03-04 22:33:00",3416,12.25,-8.06,0.482,-0.556,269.7,254.8,-9.69
"2026-03-04 22:34:00",3417,12.25,-8.06,0.556,-0.556,269.8,257.2,-9.7
"2026-03-04 22:35:00",3418,12.25,-8.08,0.5,-0.556,269.9,259.9,-9.75
"2026-03-04 22:36:00",3419,12.25,-8.08,0.547,-0.556,269.8,260.1,-9.79
"2026-03-04 22:37:00",3420,12.25,-8.08,0.463,-0.556,269.8,259.9,-9.77
"2026-03-04 22:38:00",3421,12.25,-8.11,0.519,-0.556,269.7,259.7,-9.77
"2026-03-04 22:39:00",3422,12.25,-8.11,0.028,-0.556,269.7,259.6,-9.75
"2026-03-04 22:40:00",3423,12.25,-8.11,-0.056,-0.556,269.8,259.1,-9.76
"2026-03-04 22:41:00",3424,12.25,-8.11,0.12,-0.556,269.8,258.3,-9.76
"2026-03-04 22:42:00",3425,12.25,-8.13,0.556,-0.556,269.5,258.5,-9.81
"2026-03-04 22:43:00",3426,12.25,-8.13,0.028,-0.556,269.7,259.9,-9.82
"2026-03-04 22:44:00",3427,12.25,-8.13,0.306,-0.556,270.1,261.3,-9.79
"2026-03-04 22:45:00",3428,12.25,-8.13,0.417,-0.556,270.4,261.9,-9.79
"2026-03-04 22:46:00",3429,12.25,-8.15,0.5,-0.556,270.6,262.1,-9.77
"2026-03-04 22:47:00",3430,12.25,-8.15,0.25,-0.556,270.9,262.5,-9.76
"2026-03-04 22:48:00",3431,12.25,-8.15,0.472,-0.556,270.9,263,-9.77
"2026-03-04 22:49:00",3432,12.25,-8.15,0.556,-0.408,270.8,262.8,-9.77
"2026-03-04 22:50:00",3433,12.25,-8.15,0.38,-0.472,270.8,262.5,-9.77
"2026-03-04 22:51:00",3434,12.25,-8.17,0.361,-0.556,271,262.7,-9.77
"2026-03-04 22:52:00",3435,12.25,-8.17,0.556,-0.528,271,263.2,-9.77
"2026-03-04 22:53:00",3436,12.25,-8.17,0.296,-0.556,271.1,264.2,-9.77
"2026-03-04 22:54:00",3437,12.25,-8.17,0.556,-0.324,271.1,264.6,-9.78
"2026-03-04 22:55:00",3438,12.25,-8.17,0.296,-0.528,271.2,264.8,-9.77
"2026-03-04 22:56:00",3439,12.25,-8.17,0.435,-0.296,271.1,265,-9.77
"2026-03-04 22:57:00",3440,12.25,-8.17,0.028,-0.556,271.2,265.2,-9.77
"2026-03-04 22:58:00",3441,12.25,-8.19,0.519,-0.185,271.1,264.1,-9.77
"2026-03-04 22:59:00",3442,12.25,-8.19,0.241,-0.528,271,262.7,-9.77
"2026-03-04 23:00:00",3443,12.25,-8.19,0.315,-0.556,270.9,262.6,-9.77
"2026-03-04 23:01:00",3444,12.25,-8.19,0.343,-0.528,270.9,263.2,-9.77
"2026-03-04 23:02:00",3445,12.25,-8.19,0.371,-0.556,271,263.6,-9.77
"2026-03-04 23:03:00",3446,12.25,-8.19,0.398,-0.454,271,263.2,-9.77
"2026-03-04 23:04:00",3447,12.25,-8.19,0.361,-0.509,271,263.8,-9.77
"2026-03-04 23:05:00",3448,12.25,-8.19,0.296,-0.491,271.3,263.9,-9.77
"2026-03-04 23:06:00",3449,12.25,-8.19,0.556,-0.25,271.1,263.1,-9.77
"2026-03-04 23:07:00",3450,12.25,-8.19,0.5,-0.491,271.1,262.7,-9.77
"2026-03-04 23:08:00",3451,12.25,-8.19,0.556,-0.435,271.2,263.1,-9.77
"2026-03-04 23:09:00",3452,12.25,-8.22,0.435,-0.528,271.2,263.7,-9.78
"2026-03-04 23:10:00",3453,12.25,-8.22,0.435,-0.556,271.2,264,-9.78
"2026-03-04 23:11:00",3454,12.25,-8.22,0.547,-0.333,271.1,263.8,-9.76
"2026-03-04 23:12:00",3455,12.25,-8.22,0.417,-0.556,270.9,262.9,-9.76
"2026-03-04 23:13:00",3456,12.25,-8.22,0.028,-0.556,270.6,261.6,-9.82
"2026-03-04 23:14:00",3457,12.25,-8.22,-0.148,-0.556,270.9,262,-9.82
"2026-03-04 23:15:00",3458,12.25,-8.22,0.408,-0.556,271,264.7,-9.82
"2026-03-04 23:16:00",3459,12.25,-8.22,0.12,-0.556,271.2,265.2,-9.82
"2026-03-04 23:17:00",3460,12.25,-8.22,0.445,-0.343,271,260.2,-9.78
"2026-03-04 23:18:00",3461,12.25,-8.22,0.556,-0.445,270,253.9,-9.84
"2026-03-04 23:19:00",3462,12.25,-8.22,0.556,-0.556,269.6,253.3,-9.86
"2026-03-04 23:20:00",3463,12.25,-8.22,0.482,-0.556,269.2,251.8,-9.87
"2026-03-04 23:21:00",3464,12.25,-8.24,0.333,-0.556,268.9,251.2,-9.94
"2026-03-04 23:22:00",3465,12.25,-8.24,0.296,-0.556,268.8,249.7,-9.94
"2026-03-04 23:23:00",3466,12.25,-8.24,0.547,-0.556,268.1,249,-9.96
"2026-03-04 23:24:00",3467,12.25,-8.24,-0.083,-0.899,268.3,247.6,-9.98
"2026-03-04 23:25:00",3468,12.25,-8.24,0.556,-0.556,268,248.6,-10.01
"2026-03-04 23:26:00",3469,12.25,-8.24,0.046,-0.704,268.8,256.6,-10
"2026-03-04 23:27:00",3470,12.25,-8.26,0.065,-0.556,269.5,262,-10.02
"2026-03-04 23:28:00",3471,12.25,-8.26,0.009,-0.556,269.8,261.4,-10.02
"2026-03-04 23:29:00",3472,12.25,-8.26,0.408,-0.556,269.8,259.6,-10.02
"2026-03-04 23:30:00",3473,12.25,-8.26,0.454,-0.537,269.9,257.4,-9.98
"2026-03-04 23:31:00",3474,12.25,-8.28,0.556,-0.38,269.3,255.6,-10
"2026-03-04 23:32:00",3475,12.25,-8.28,0.556,-0.556,269.1,255.8,-10.02
"2026-03-04 23:33:00",3476,12.25,-8.28,0.454,-0.556,269,255.5,-10.02
"2026-03-04 23:34:00",3477,12.25,-8.28,0.537,-0.556,268.8,255.1,-10.04
"2026-03-04 23:35:00",3478,12.25,-8.28,0.333,-0.556,268.4,254.5,-10.12
"2026-03-04 23:36:00",3479,12.25,-8.31,0.287,-0.556,268.4,253.5,-10.1
"2026-03-04 23:37:00",3480,12.25,-8.31,0.111,-0.556,268.6,253.1,-10.08
"2026-03-04 23:38:00",3481,12.25,-8.31,0.278,-0.556,268.3,253.4,-10.1
"2026-03-04 23:39:00",3482,12.25,-8.33,0.482,-0.556,268.2,252.5,-10.14
"2026-03-04 23:40:00",3483,12.25,-8.33,0.556,-0.556,267.9,251.3,-10.14
"2026-03-04 23:41:00",3484,12.25,-8.33,0.556,-0.556,267.5,249.9,-10.18
"2026-03-04 23:42:00",3485,12.25,-8.33,0.185,-0.704,267.1,248.4,-10.26
"2026-03-04 23:43:00",3486,12.25,-8.33,0.445,-0.676,267.1,248.1,-10.26
"2026-03-04 23:44:00",3487,12.25,-8.35,0.482,-0.611,266.9,248.4,-10.27
"2026-03-04 23:45:00",3488,12.25,-8.35,0.463,-0.695,266.5,248.3,-10.32
"2026-03-04 23:46:00",3489,12.25,-8.38,0.13,-1.047,266,247.4,-10.38
"2026-03-04 23:47:00",3490,12.25,-8.38,0.065,-1.112,265.7,246.8,-10.42
"2026-03-04 23:48:00",3491,12.25,-8.4,-0.176,-1.13,265.6,246.4,-10.44
"2026-03-04 23:49:00",3492,12.25,-8.4,0.065,-1.112,265.4,245.4,-10.48
"2026-03-04 23:50:00",3493,12.25,-8.42,0.037,-1.112,265.2,244.4,-10.51
"2026-03-04 23:51:00",3494,12.25,-8.42,0.296,-1.112,264.5,244.4,-10.59
"2026-03-04 23:52:00",3495,12.25,-8.42,-0.537,-1.334,264.4,245.3,-10.61
"2026-03-04 23:53:00",3496,12.25,-8.44,-0.547,-1.352,265,245.9,-10.61
"2026-03-04 23:54:00",3497,12.25,-8.46,0.509,-0.991,265,245.9,-10.62
"2026-03-04 23:55:00",3498,12.25,-8.46,0.343,-0.797,264.4,245.5,-10.67
"2026-03-04 23:56:00",3499,12.25,-8.46,0.333,-1.01,264,245,-10.65
"2026-03-04 23:57:00",3500,12.25,-8.49,0.232,-0.973,263.8,244.8,-10.72
"2026-03-04 23:58:00",3501,12.25,-8.51,0.556,-1,263.9,246.2,-10.74
"2026-03-04 23:59:00",3502,12.25,-8.51,0.361,-1.093,264.1,247.5,-10.76
"2026-03-05 00:00:00",3503,12.25,-8.53,0.093,-1.102,264.2,247.7,-10.77
"2026-03-05 00:01:00",3504,12.25,-8.55,0.102,-0.871,264.1,247.4,-10.83
"2026-03-05 00:02:00",3505,12.25,-8.55,0.5,-0.621,264,247.9,-10.83
"2026-03-05 00:03:00",3506,12.25,-8.58,0.408,-0.685,264,248.5,-10.81
"2026-03-05 00:04:00",3507,12.25,-8.6,0.176,-0.75,264.4,248.6,-10.81
"2026-03-05 00:05:00",3508,12.25,-8.6,0.371,-0.639,264.6,248.3,-10.8
"2026-03-05 00:06:00",3509,12.25,-8.62,0.556,-0.556,264.5,247.9,-10.83
"2026-03-05 00:07:00",3510,12.25,-8.62,0.556,-0.556,264.6,248.1,-10.83
"2026-03-05 00:08:00",3511,12.25,-8.64,0.556,-0.556,264.6,247.9,-10.83
"2026-03-05 00:09:00",3512,12.25,-8.64,0.556,-0.556,264.6,247.1,-10.83
"2026-03-05 00:10:00",3513,12.25,-8.67,0.556,-0.556,264.4,245.3,-10.83
"2026-03-05 00:11:00",3514,12.25,-8.69,0.556,-0.556,264.4,242.7,-10.81
"2026-03-05 00:12:00",3515,12.25,-8.69,0.547,-0.621,264.4,240.4,-10.81
"2026-03-05 00:13:00",3516,12.25,-8.71,0.547,-0.787,264.4,239.9,-10.82
"2026-03-05 00:14:00",3517,12.25,-8.71,0.556,-0.556,264,240.7,-10.83
"2026-03-05 00:15:00",3518,12.25,-8.73,0.5,-0.648,263.9,242.4,-10.82
"2026-03-05 00:16:00",3519,12.25,-8.73,0.528,-0.861,264.5,244.3,-10.8
"2026-03-05 00:17:00",3520,12.25,-8.76,0.509,-0.76,264.7,245.2,-10.8
"2026-03-05 00:18:00",3521,12.25,-8.76,0.556,-0.556,264.8,246.6,-10.81
"2026-03-05 00:19:00",3522,12.25,-8.78,0.528,-0.565,264.3,247,-10.89
"2026-03-05 00:20:00",3523,12.25,-8.78,0.509,-0.593,264.2,246.3,-10.91
"2026-03-05 00:21:00",3524,12.25,-8.8,0.556,-0.556,263.8,245,-10.89
"2026-03-05 00:22:00",3525,12.25,-8.8,0.38,-0.76,263.8,245.3,-10.87
"2026-03-05 00:23:00",3526,12.25,-8.82,0.139,-1.01,264.7,247.8,-10.87
"2026-03-05 00:24:00",3527,12.25,-8.82,0.417,-0.685,265.2,251,-10.92
"2026-03-05 00:25:00",3528,12.25,-8.82,0.556,-0.556,265.3,253,-10.91
"2026-03-05 00:26:00",3529,12.25,-8.85,0.528,-0.556,266.1,252.8,-10.81
"2026-03-05 00:27:00",3530,12.25,-8.85,0.556,-0.547,265.6,250.7,-10.83
"2026-03-05 00:28:00",3531,12.25,-8.87,0.556,-0.556,264.9,247.7,-10.8
"2026-03-05 00:29:00",3532,12.25,-8.87,0.556,-0.556,264.1,245.2,-10.9
"2026-03-05 00:30:00",3533,12.25,-8.87,0.472,-0.639,264,245.2,-10.91
"2026-03-05 00:31:00",3534,12.25,-8.89,0.435,-0.667,264.9,249.6,-10.91
"2026-03-05 00:32:00",3535,12.25,-8.89,0.482,-0.565,265.5,254.1,-10.91
"2026-03-05 00:33:00",3536,12.25,-8.89,0.537,-0.556,266.1,256.2,-10.83
"2026-03-05 00:34:00",3537,12.25,-8.92,0.556,-0.556,266.3,257.1,-10.8
"2026-03-05 00:35:00",3538,12.25,-8.92,0.556,-0.509,266.1,256.6,-10.82
"2026-03-05 00:36:00",3539,12.25,-8.92,0.556,-0.547,266.1,255.2,-10.82
"2026-03-05 00:37:00",3540,12.25,-8.92,0.482,-0.556,266,254.2,-10.82
"2026-03-05 00:38:00",3541,12.25,-8.94,0.556,-0.556,266,255.4,-10.82
"2026-03-05 00:39:00",3542,12.25,-8.94,0.426,-0.556,266.4,258.4,-10.82
"2026-03-05 00:40:00",3543,12.25,-8.94,0.556,-0.509,266.9,260.5,-10.76
"2026-03-05 00:41:00",3544,12.25,-8.94,0.556,-0.463,267,261.3,-10.77
"2026-03-05 00:42:00",3545,12.25,-8.94,0.482,-0.528,267.4,261.5,-10.75
"2026-03-05 00:43:00",3546,12.25,-8.94,0.556,-0.056,267.5,261.4,-10.72
"2026-03-05 00:44:00",3547,12.25,-8.94,0.556,-0.093,267.5,261.2,-10.72
"2026-03-05 00:45:00",3548,12.25,-8.94,0.343,-0.472,267.6,260.8,-10.73
"2026-03-05 00:46:00",3549,12.25,-8.96,0.547,-0.074,267.9,260.5,-10.63
"2026-03-05 00:47:00",3550,12.24,-8.96,0.556,-0.019,267.7,260.6,-10.65
"2026-03-05 00:48:00",3551,12.25,-8.96,0.556,0,267.5,260.7,-10.65
"2026-03-05 00:49:00",3552,12.24,-8.96,0.333,-0.426,267.7,260.4,-10.64
"2026-03-05 00:50:00",3553,12.24,-8.96,0.371,-0.547,267.8,260.6,-10.66
"2026-03-05 00:51:00",3554,12.24,-8.96,0.556,-0.426,267.9,260.5,-10.63
"2026-03-05 00:52:00",3555,12.24,-8.96,0.556,-0.371,268,259.5,-10.61
"2026-03-05 00:53:00",3556,12.24,-8.94,0.556,-0.445,268.1,258.5,-10.54
"2026-03-05 00:54:00",3557,12.24,-8.94,0.556,-0.537,267.8,256.4,-10.55
"2026-03-05 00:55:00",3558,12.24,-8.94,0.556,-0.556,266.9,254,-10.62
"2026-03-05 00:56:00",3559,12.24,-8.94,0.5,-0.556,266.8,253.9,-10.66
"2026-03-05 00:57:00",3560,12.24,-8.94,0.556,-0.556,266.7,254.9,-10.66
"2026-03-05 00:58:00",3561,12.24,-8.94,0.241,-0.556,267,255.9,-10.64
"2026-03-05 00:59:00",3562,12.24,-8.94,0.491,-0.556,267,256.6,-10.63
"2026-03-05 01:00:00",3563,12.24,-8.94,0.157,-0.556,267.4,257.3,-10.63
"2026-03-05 01:01:00",3564,12.24,-8.94,0.537,-0.556,267.4,257.8,-10.62
"2026-03-05 01:02:00",3565,12.24,-8.94,0.556,-0.556,267.4,257.9,-10.62
"2026-03-05 01:03:00",3566,12.24,-8.94,0.556,-0.556,267.5,258.1,-10.62
"2026-03-05 01:04:00",3567,12.24,-8.94,0.556,-0.556,267.5,258.3,-10.62
"2026-03-05 01:05:00",3568,12.24,-8.94,0.556,-0.556,267.4,258.7,-10.65
"2026-03-05 01:06:00",3569,12.24,-8.94,0.482,-0.556,267.4,259,-10.64
"2026-03-05 01:07:00",3570,12.24,-8.94,0.519,-0.556,267.5,259.2,-10.64
"2026-03-05 01:08:00",3571,12.24,-8.94,0.556,-0.556,267.5,258,-10.62
"2026-03-05 01:09:00",3572,12.24,-8.94,0.556,-0.556,267.1,255.1,-10.65
"2026-03-05 01:10:00",3573,12.24,-8.94,0.528,-0.556,266.5,251.8,-10.73
"2026-03-05 01:11:00",3574,12.24,-8.94,0.556,-0.556,266.1,249.5,-10.74
"2026-03-05 01:12:00",3575,12.24,-8.94,0.556,-0.556,265.9,250.8,-10.73
"2026-03-05 01:13:00",3576,12.24,-8.94,0.556,-0.556,266.1,252.4,-10.72
"2026-03-05 01:14:00",3577,12.24,-8.94,0.556,-0.556,265.9,253.4,-10.74
"2026-03-05 01:15:00",3578,12.24,-8.94,0.556,-0.556,265.6,254.2,-10.76
"2026-03-05 01:16:00",3579,12.24,-8.96,0.482,-0.556,265.6,254.4,-10.82
"2026-03-05 01:17:00",3580,12.24,-8.96,0.556,-0.556,265.5,254.7,-10.81
"2026-03-05 01:18:00",3581,12.24,-8.96,0.547,-0.556,265.3,254.8,-10.83
"2026-03-05 01:19:00",3582,12.24,-8.96,0.445,-0.556,265.1,254.7,-10.9
"2026-03-05 01:20:00",3583,12.24,-8.96,0.537,-0.556,265.3,254.7,-10.89
"2026-03-05 01:21:00",3584,12.24,-8.96,0.556,-0.556,265.2,255.2,-10.86
"2026-03-05 01:22:00",3585,12.24,-8.96,0.426,-0.565,265.2,255.6,-10.86
"2026-03-05 01:23:00",3586,12.24,-8.98,0.547,-0.556,265.5,256.1,-10.86
"2026-03-05 01:24:00",3587,12.24,-8.98,0.556,-0.556,266.1,257,-10.86
"2026-03-05 01:25:00",3588,12.24,-8.98,0.556,-0.556,266.4,256.9,-10.9
"2026-03-05 01:26:00",3589,12.24,-8.98,0.593,-0.556,267,256.8,-10.8
"2026-03-05 01:27:00",3590,12.24,-8.98,1.056,-0.556,267.2,256.9,-10.74
"2026-03-05 01:28:00",3591,12.24,-8.98,1.121,-0.556,267.3,257.1,-10.73
"2026-03-05 01:29:00",3592,12.24,-8.98,1.251,-0.556,267.4,257.4,-10.66
"2026-03-05 01:30:00",3593,12.24,-9.01,1.39,-0.556,267.1,257.2,-10.66
"2026-03-05 01:31:00",3594,12.24,-9.01,0.658,-0.76,267.2,257.3,-10.61
"2026-03-05 01:32:00",3595,12.24,-9.01,1.464,-0.556,266.4,257.1,-10.62
"2026-03-05 01:33:00",3596,12.24,-9.01,0.556,-0.954,266,257.9,-10.67
"2026-03-05 01:34:00",3597,12.24,-9.01,0.556,-1.112,265.9,258.9,-10.72
"2026-03-05 01:35:00",3598,12.24,-9.01,0.435,-1.112,266.2,259.6,-10.72
"2026-03-05 01:36:00",3599,12.24,-9.01,-0.352,-1.167,266.7,259.8,-10.73
"2026-03-05 01:37:00",3600,12.24,-9.01,0.556,-0.824,266.6,259.3,-10.73
"2026-03-05 01:38:00",3601,12.24,-9.01,0.556,-1.01,267,259.8,-10.69
"2026-03-05 01:39:00",3602,12.24,-9.01,0.556,-0.741,267.1,260.3,-10.63
"2026-03-05 01:40:00",3603,12.24,-9.01,0.454,-1.186,267.4,260,-10.62
"2026-03-05 01:41:00",3604,12.24,-9.01,0.556,-0.686,267.2,260.5,-10.6
"2026-03-05 01:42:00",3605,12.24,-9.01,0.556,-0.556,267.1,262.1,-10.62
"2026-03-05 01:43:00",3606,12.24,-9.01,0.148,-0.991,267.4,263,-10.64
"2026-03-05 01:44:00",3607,12.24,-9.01,0.389,-1.102,267.9,262.1,-10.58
"2026-03-05 01:45:00",3608,12.24,-9.01,0.556,-0.556,267.4,260.3,-10.56
"2026-03-05 01:46:00",3609,12.24,-9.01,0.519,-0.769,267.4,260.2,-10.54
"2026-03-05 01:47:00",3610,12.24,-9.01,0.426,-0.991,267.6,259.8,-10.55
"2026-03-05 01:48:00",3611,12.24,-9.01,0.556,-0.704,267.3,258.5,-10.58
"2026-03-05 01:49:00",3612,12.24,-9.01,0.556,-0.954,267.7,257.8,-10.53
"2026-03-05 01:50:00",3613,12.24,-9.01,0.556,-0.824,267.9,258,-10.47
"2026-03-05 01:51:00",3614,12.24,-9.01,0.556,-0.676,268,259.2,-10.45
"2026-03-05 01:52:00",3615,12.24,-9.01,0.556,-0.556,268,260,-10.43
"2026-03-05 01:53:00",3616,12.24,-9.01,0.556,-0.602,267.9,259.4,-10.42
"2026-03-05 01:54:00",3617,12.24,-9.01,0.556,-1.047,268.2,259.8,-10.39
"2026-03-05 01:55:00",3618,12.24,-9.01,0.556,-0.574,267.9,259.8,-10.41
"2026-03-05 01:56:00",3619,12.24,-9.01,0.556,-0.611,267.8,259.4,-10.41
"2026-03-05 01:57:00",3620,12.24,-9.01,0.556,-0.723,268,259.7,-10.4
"2026-03-05 01:58:00",3621,12.24,-9.01,0.556,-0.584,268,261.4,-10.4
"2026-03-05 01:59:00",3622,12.24,-9.01,0.463,-0.889,268.2,263.2,-10.41
"2026-03-05 02:00:00",3623,12.24,-8.98,0.056,-1.01,268.5,262.6,-10.39
"2026-03-05 02:01:00",3624,12.24,-8.98,0.556,-0.778,268.7,261.8,-10.32
"2026-03-05 02:02:00",3625,12.24,-8.98,0.556,-1.093,268.5,261.1,-10.32
"2026-03-05 02:03:00",3626,12.24,-8.98,0.556,-0.843,268.3,259.9,-10.29
"2026-03-05 02:04:00",3627,12.24,-8.98,0.556,-1.112,268.6,260.4,-10.26
"2026-03-05 02:05:00",3628,12.24,-8.98,0.556,-1.112,268.6,260.5,-10.22
"2026-03-05 02:06:00",3629,12.24,-8.98,0.556,-1.112,268.5,259.7,-10.22
"2026-03-05 02:07:00",3630,12.24,-8.98,0.556,-1.112,268.3,259.2,-10.22
"2026-03-05 02:08:00",3631,12.24,-8.98,0.556,-1.112,268.1,258.9,-10.22
"2026-03-05 02:09:00",3632,12.24,-8.96,0.556,-1.112,267.9,258.3,-10.22
"2026-03-05 02:10:00",3633,12.24,-8.96,0.556,-1.112,267.6,256.7,-10.29
"2026-03-05 02:11:00",3634,12.24,-8.96,0.454,-1.112,267.4,256.2,-10.33
"2026-03-05 02:12:00",3635,12.24,-8.96,0.139,-1.112,267.5,256.1,-10.32
"2026-03-05 02:13:00",3636,12.24,-8.96,0.213,-1.13,267.3,255.6,-10.37
"2026-03-05 02:14:00",3637,12.24,-8.96,0.093,-1.251,267.2,255,-10.43
"2026-03-05 02:15:00",3638,12.24,-8.96,0.547,-1.112,267,256.1,-10.41
"2026-03-05 02:16:00",3639,12.24,-8.96,0.13,-1.251,267.3,257.1,-10.41
"2026-03-05 02:17:00",3640,12.24,-8.96,0.204,-1.297,267.7,258,-10.4
"2026-03-05 02:18:00",3641,12.24,-8.96,0.556,-1.093,267.7,258.5,-10.39
"2026-03-05 02:19:00",3642,12.24,-8.96,0.408,-1.121,268.1,258,-10.33
"2026-03-05 02:20:00",3643,12.24,-8.96,0.556,-1.112,267.8,256.8,-10.32
"2026-03-05 02:21:00",3644,12.24,-8.96,0.556,-1.112,267.9,257.1,-10.33
"2026-03-05 02:22:00",3645,12.24,-8.96,0.556,-1.112,268,258.6,-10.34
"2026-03-05 02:23:00",3646,12.24,-8.96,0.556,-1.065,268,259.6,-10.34
"2026-03-05 02:24:00",3647,12.24,-8.96,0.454,-1.112,268.3,259.6,-10.3
"2026-03-05 02:25:00",3648,12.24,-8.96,0.556,-0.899,268.2,259.6,-10.3
"2026-03-05 02:26:00",3649,12.24,-8.96,0.556,-0.936,268.1,258.8,-10.28
"2026-03-05 02:27:00",3650,12.24,-8.96,0.537,-1.112,268.1,258.2,-10.28
"2026-03-05 02:28:00",3651,12.24,-8.96,0.556,-1.028,267.8,258.3,-10.33
"2026-03-05 02:29:00",3652,12.24,-8.96,0.528,-1.084,267.9,257.9,-10.33
"2026-03-05 02:30:00",3653,12.24,-8.96,0.269,-1.112,267.5,255.7,-10.33
"2026-03-05 02:31:00",3654,12.24,-8.96,0.519,-1.112,267.3,254.9,-10.32
"2026-03-05 02:32:00",3655,12.24,-8.96,0.528,-1.112,267.4,254.8,-10.32
"2026-03-05 02:33:00",3656,12.24,-8.96,0.093,-1.315,267.7,256.4,-10.32
"2026-03-05 02:34:00",3657,12.24,-8.94,0.556,-0.899,267.7,257.5,-10.33
"2026-03-05 02:35:00",3658,12.24,-8.96,0.083,-1.232,268.1,257.7,-10.32
"2026-03-05 02:36:00",3659,12.24,-8.94,0.556,-0.982,267.9,257.1,-10.34
"2026-03-05 02:37:00",3660,12.24,-8.94,0.556,-0.602,267.5,257,-10.33
"2026-03-05 02:38:00",3661,12.24,-8.94,0.528,-1.038,267.5,257.3,-10.34
"2026-03-05 02:39:00",3662,12.24,-8.96,0.241,-1.065,267.4,258.2,-10.41
"2026-03-05 02:40:00",3663,12.24,-8.94,-0.25,-1.112,267.7,258.6,-10.42
"2026-03-05 02:41:00",3664,12.24,-8.94,0.454,-1.084,267.6,257.1,-10.43
"2026-03-05 02:42:00",3665,12.24,-8.94,0.222,-1.186,267.9,256.6,-10.37
"2026-03-05 02:43:00",3666,12.24,-8.96,0.5,-1.093,267.9,256.3,-10.33
"2026-03-05 02:44:00",3667,12.24,-8.94,0.556,-1.01,267.7,255.8,-10.32
"2026-03-05 02:45:00",3668,12.24,-8.94,0.463,-1.112,267.8,256.3,-10.32
"2026-03-05 02:46:00",3669,12.24,-8.94,0.472,-1.112,267.8,256.4,-10.33
"2026-03-05 02:47:00",3670,12.24,-8.94,0.472,-1.112,267.8,255.4,-10.32
"2026-03-05 02:48:00",3671,12.24,-8.96,0.556,-1.075,267.3,252.3,-10.33
"2026-03-05 02:49:00",3672,12.24,-8.96,0.472,-1.112,267,252,-10.42
"2026-03-05 02:50:00",3673,12.24,-8.94,0.445,-1.241,267.4,252.6,-10.34
"2026-03-05 02:51:00",3674,12.24,-8.96,0.556,-1.112,267.4,253.6,-10.3
"2026-03-05 02:52:00",3675,12.24,-8.94,0.556,-1.112,266.7,250.9,-10.38
"2026-03-05 02:53:00",3676,12.24,-8.96,0.417,-1.278,266.5,247.8,-10.43
"2026-03-05 02:54:00",3677,12.24,-8.96,0.556,-1.149,266.2,247.6,-10.41
"2026-03-05 02:55:00",3678,12.24,-8.96,0.547,-1.278,266.3,248.4,-10.39
"2026-03-05 02:56:00",3679,12.24,-8.96,0.25,-1.658,266.6,249.7,-10.38
"2026-03-05 02:57:00",3680,12.24,-8.96,0.556,-1.232,266.5,250.7,-10.43
"2026-03-05 02:58:00",3681,12.24,-8.96,0.222,-1.436,266.5,251,-10.47
"2026-03-05 02:59:00",3682,12.24,-8.96,0.491,-1.352,266.4,251.1,-10.45
"2026-03-05 03:00:00",3683,12.24,-8.96,0.241,-1.575,266.7,252.4,-10.45
"2026-03-05 03:01:00",3684,12.24,-8.96,0.491,-1.306,266.8,252.4,-10.41
"2026-03-05 03:02:00",3685,12.24,-8.96,0.556,-1.112,266.9,253.8,-10.38
"2026-03-05 03:03:00",3686,12.24,-8.96,0.519,-1.139,266.9,253.8,-10.4
"2026-03-05 03:04:00",3687,12.24,-8.96,0.547,-1.121,266.9,254.3,-10.4
"2026-03-05 03:05:00",3688,12.24,-8.98,0.482,-1.13,267,254.3,-10.4
"2026-03-05 03:06:00",3689,12.24,-8.98,0.537,-1.121,267,254.2,-10.39
"2026-03-05 03:07:00",3690,12.24,-8.98,0.556,-1.112,267,254.7,-10.39
"2026-03-05 03:08:00",3691,12.24,-8.98,0.38,-1.223,267.3,256.3,-10.39
"2026-03-05 03:09:00",3692,12.24,-8.98,0.556,-1.112,266.9,255.4,-10.39
"2026-03-05 03:10:00",3693,12.24,-8.98,0.556,-1.112,266.7,254.1,-10.39
"2026-03-05 03:11:00",3694,12.24,-8.98,0.343,-1.251,266.8,252.8,-10.39
"2026-03-05 03:12:00",3695,12.24,-8.98,0.556,-1.139,266.8,253.9,-10.4
"2026-03-05 03:13:00",3696,12.24,-8.98,0.556,-1.112,266.6,255,-10.46
"2026-03-05 03:14:00",3697,12.24,-9.01,0.389,-1.112,266.6,254.7,-10.45
"2026-03-05 03:15:00",3698,12.24,-9.01,0.324,-1.176,266.6,253,-10.43
"2026-03-05 03:16:00",3699,12.24,-9.01,0.5,-1.13,266.3,251.3,-10.49
"2026-03-05 03:17:00",3700,12.24,-9.01,0.5,-1.204,266.3,251.1,-10.49
"2026-03-05 03:18:00",3701,12.24,-9.01,0.157,-1.371,266.2,251.5,-10.49
"2026-03-05 03:19:00",3702,12.24,-9.01,0.556,-1.112,266.2,252,-10.49
"2026-03-05 03:20:00",3703,12.24,-9.01,0.509,-1.121,266,250.3,-10.49
"2026-03-05 03:21:00",3704,12.24,-9.01,0.371,-1.325,266,248.4,-10.49
"2026-03-05 03:22:00",3705,12.24,-9.01,0.519,-1.121,265.6,246.3,-10.49
"2026-03-05 03:23:00",3706,12.24,-9.01,0.547,-1.334,265.4,245.3,-10.48
"2026-03-05 03:24:00",3707,12.24,-9.03,0.537,-1.278,264.8,243.5,-10.56
"2026-03-05 03:25:00",3708,12.24,-9.03,0.352,-1.658,265,243.5,-10.58
"2026-03-05 03:26:00",3709,12.24,-9.03,0.371,-1.593,265.3,243.7,-10.58
"2026-03-05 03:27:00",3710,12.24,-9.03,0.537,-1.519,265.5,245.3,-10.58
"2026-03-05 03:28:00",3711,12.24,-9.03,0.556,-1.112,265.3,246.3,-10.57
"2026-03-05 03:29:00",3712,12.24,-9.05,0.426,-1.223,265.4,248.4,-10.58
"2026-03-05 03:30:00",3713,12.24,-9.05,0.25,-1.26,265.9,250.7,-10.57
"2026-03-05 03:31:00",3714,12.24,-9.05,0.528,-1.121,266,253,-10.58
"2026-03-05 03:32:00",3715,12.24,-9.05,0.547,-1.084,266.3,256.7,-10.58
"2026-03-05 03:33:00",3716,12.24,-9.05,0.213,-0.908,266.6,257.7,-10.58
"2026-03-05 03:34:00",3717,12.24,-9.05,0.472,-0.778,266.9,257.1,-10.55
"2026-03-05 03:35:00",3718,12.24,-9.05,0.519,-0.602,267.2,258.8,-10.5
"2026-03-05 03:36:00",3719,12.24,-9.05,0.426,-0.648,267,257.5,-10.49
"2026-03-05 03:37:00",3720,12.24,-9.05,0.556,-0.556,266.5,254.1,-10.49
"2026-03-05 03:38:00",3721,12.24,-9.07,0.371,-0.954,266.9,256.3,-10.49
"2026-03-05 03:39:00",3722,12.24,-9.07,0.556,-0.574,267.1,259.2,-10.49
"2026-03-05 03:40:00",3723,12.24,-9.07,0.463,-0.556,267.3,260.1,-10.49
"2026-03-05 03:41:00",3724,12.24,-9.07,0.324,-0.574,267.2,259.2,-10.5
"2026-03-05 03:42:00",3725,12.24,-9.07,0.509,-0.556,267.1,255.4,-10.47
"2026-03-05 03:43:00",3726,12.24,-9.07,0.463,-0.611,267.1,256.1,-10.46
"2026-03-05 03:44:00",3727,12.24,-9.07,0.333,-0.76,267.3,257.5,-10.46
"2026-03-05 03:45:00",3728,12.24,-9.07,0.5,-0.602,266.9,256.7,-10.45
"2026-03-05 03:46:00",3729,12.24,-9.07,0.176,-0.926,267.3,255.8,-10.43
"2026-03-05 03:47:00",3730,12.24,-9.07,0.537,-0.639,267.4,256.7,-10.39
"2026-03-05 03:48:00",3731,12.24,-9.07,0.454,-0.676,267.5,257.7,-10.39
"2026-03-05 03:49:00",3732,12.24,-9.07,0.556,-0.556,267.4,258.2,-10.41
"2026-03-05 03:50:00",3733,12.24,-9.07,0.556,-0.556,267.3,258.8,-10.41
"2026-03-05 03:51:00",3734,12.24,-9.07,0.232,-0.676,267.6,259.4,-10.41
"2026-03-05 03:52:00",3735,12.24,-9.07,0.491,-0.556,267.4,257.6,-10.4
"2026-03-05 03:53:00",3736,12.24,-9.07,0.528,-0.556,267.2,257.2,-10.4
"2026-03-05 03:54:00",3737,12.24,-9.07,0.463,-0.565,267,256.1,-10.41
"2026-03-05 03:55:00",3738,12.24,-9.07,0.426,-0.611,266.9,254.5,-10.41
"2026-03-05 03:56:00",3739,12.24,-9.07,0.408,-0.639,266.8,254.7,-10.41
"2026-03-05 03:57:00",3740,12.24,-9.05,0.556,-0.565,266.8,256,-10.39
"2026-03-05 03:58:00",3741,12.24,-9.07,-0.139,-0.889,267.2,257.8,-10.41
"2026-03-05 03:59:00",3742,12.24,-9.07,-0.065,-0.695,267.7,259.5,-10.4
"2026-03-05 04:00:00",3743,12.24,-9.07,0.556,-0.556,267.4,258.4,-10.4
"2026-03-05 04:01:00",3744,12.24,-9.05,0.519,-0.556,266.9,254.8,-10.4
"2026-03-05 04:02:00",3745,12.24,-9.05,0.556,-0.556,266.7,253,-10.39
"2026-03-05 04:03:00",3746,12.24,-9.05,0.472,-0.556,266.9,255,-10.39
"2026-03-05 04:04:00",3747,12.24,-9.05,0.426,-0.556,266.5,255.6,-10.44
"2026-03-05 04:05:00",3748,12.24,-9.05,0.278,-0.565,266.5,256.1,-10.47
"2026-03-05 04:06:00",3749,12.24,-9.05,0.139,-0.63,266.7,256.6,-10.5
"2026-03-05 04:07:00",3750,12.24,-9.05,-0.435,-0.685,266.9,255,-10.5
"2026-03-05 04:08:00",3751,12.24,-9.05,0.204,-0.556,266.7,253.9,-10.48
"2026-03-05 04:09:00",3752,12.24,-9.05,0.547,-0.556,266.7,252.6,-10.44
"2026-03-05 04:10:00",3753,12.24,-9.05,0.556,-0.556,266.4,252.5,-10.45
"2026-03-05 04:11:00",3754,12.24,-9.05,0.556,-0.556,266.2,252.4,-10.46
"2026-03-05 04:12:00",3755,12.24,-9.05,0.046,-0.75,266.6,254.5,-10.49
"2026-03-05 04:13:00",3756,12.24,-9.05,0.352,-0.611,266.9,256.2,-10.5
"2026-03-05 04:14:00",3757,12.24,-9.05,0.556,-0.556,266.7,255.1,-10.49
"2026-03-05 04:15:00",3758,12.24,-9.05,0.361,-0.556,266.3,256.4,-10.57
"2026-03-05 04:16:00",3759,12.24,-9.05,0.009,-0.556,266.4,256.3,-10.56
"2026-03-05 04:17:00",3760,12.24,-9.07,-0.509,-0.556,265.9,254.9,-10.65
"2026-03-05 04:18:00",3761,12.24,-9.07,-0.491,-0.556,265.5,254.3,-10.68
"2026-03-05 04:19:00",3762,12.23,-9.07,-0.556,-0.991,265.4,250.9,-10.72
"2026-03-05 04:20:00",3763,12.23,-9.07,-0.398,-0.667,265.1,247.8,-10.72
"2026-03-05 04:21:00",3764,12.23,-9.07,-0.426,-0.982,264.7,246.6,-10.78
"2026-03-05 04:22:00",3765,12.23,-9.07,0.398,-0.574,264.9,251.2,-10.78
"2026-03-05 04:23:00",3766,12.24,-9.07,0.528,-0.556,265.2,255,-10.8
"2026-03-05 04:24:00",3767,12.23,-9.07,-0.093,-0.565,265.5,257.7,-10.82
"2026-03-05 04:25:00",3768,12.23,-9.1,-0.472,-0.648,266.1,258.3,-10.82
"2026-03-05 04:26:00",3769,12.23,-9.1,0.472,-0.491,266.2,257.3,-10.79
"2026-03-05 04:27:00",3770,12.23,-9.1,0.204,-0.491,265.9,256.1,-10.81
"2026-03-05 04:28:00",3771,12.23,-9.1,0.232,-0.556,266.1,257.5,-10.82
"2026-03-05 04:29:00",3772,12.23,-9.1,-0.046,-0.556,266.5,257.8,-10.8
"2026-03-05 04:30:00",3773,12.23,-9.1,-0.093,-0.556,266.3,256.8,-10.82
"2026-03-05 04:31:00",3774,12.23,-9.1,0.472,-0.445,266.3,256.2,-10.76
"2026-03-05 04:32:00",3775,12.23,-9.12,0.38,-0.157,266.2,255.7,-10.77
"2026-03-05 04:33:00",3776,12.23,-9.12,0.213,-0.556,266.7,256.7,-10.73
"2026-03-05 04:34:00",3777,12.23,-9.12,0.556,-0.38,266.6,257,-10.73
"2026-03-05 04:35:00",3778,12.23,-9.12,0.556,-0.5,266.5,256.5,-10.73
"2026-03-05 04:36:00",3779,12.23,-9.12,0.528,-0.445,266.4,254.6,-10.73
"2026-03-05 04:37:00",3780,12.23,-9.12,0.454,-0.556,266,253.2,-10.74
"2026-03-05 04:38:00",3781,12.23,-9.12,0.417,-0.556,265.9,251.9,-10.75
"2026-03-05 04:39:00",3782,12.23,-9.12,0.547,-0.556,265.8,254,-10.75
"2026-03-05 04:40:00",3783,12.23,-9.12,0.176,-0.584,266.6,255.8,-10.66
"2026-03-05 04:41:00",3784,12.23,-9.12,0.204,-0.602,266.8,255.3,-10.59
"2026-03-05 04:42:00",3785,12.23,-9.12,0.556,-0.371,266.6,254.7,-10.55
"2026-03-05 04:43:00",3786,12.23,-9.12,0.556,-0.241,266.4,255.1,-10.55
"2026-03-05 04:44:00",3787,12.23,-9.12,0.491,-0.315,266.4,255.6,-10.55
"2026-03-05 04:45:00",3788,12.23,-9.12,0.556,-0.454,266.1,255.5,-10.63
"2026-03-05 04:46:00",3789,12.23,-9.12,0.019,-0.565,266,253.7,-10.66
"2026-03-05 04:47:00",3790,12.23,-9.14,-0.157,-0.843,266,253.2,-10.65
"2026-03-05 04:48:00",3791,12.23,-9.14,0.556,-0.482,265.5,254.6,-10.68
"2026-03-05 04:49:00",3792,12.23,-9.14,-0.111,-0.565,265.8,257.5,-10.72
"2026-03-05 04:50:00",3793,12.23,-9.14,-0.259,-0.574,266.3,258.2,-10.71
"2026-03-05 04:51:00",3794,12.23,-9.14,-0.25,-0.556,266.7,259,-10.72
"2026-03-05 04:52:00",3795,12.23,-9.14,-0.213,-0.556,266.8,259.3,-10.74
"2026-03-05 04:53:00",3796,12.23,-9.14,0.472,-0.389,266.5,258.4,-10.75
"2026-03-05 04:54:00",3797,12.23,-9.14,0.38,-0.472,266.9,259.5,-10.67
"2026-03-05 04:55:00",3798,12.23,-9.14,0.408,-0.371,267.2,259.3,-10.63
"2026-03-05 04:56:00",3799,12.23,-9.14,-0.278,-0.639,267.7,260.5,-10.62
"2026-03-05 04:57:00",3800,12.23,-9.14,0.547,-0.093,267.5,260.2,-10.58
"2026-03-05 04:58:00",3801,12.23,-9.14,0.454,-0.269,267.8,261.2,-10.52
"2026-03-05 04:59:00",3802,12.23,-9.14,0.445,-0.306,267.8,261.4,-10.49
"2026-03-05 05:00:00",3803,12.23,-9.14,0.556,-0.269,268,262,-10.41
"2026-03-05 05:01:00",3804,12.23,-9.14,0.556,0,267.7,260.2,-10.39
"2026-03-05 05:02:00",3805,12.23,-9.14,0.556,0,267.6,257.6,-10.4
"2026-03-05 05:03:00",3806,12.23,-9.14,0.148,-0.417,267.7,258.4,-10.39
"2026-03-05 05:04:00",3807,12.23,-9.14,0.463,-0.454,267.4,257.5,-10.42
"2026-03-05 05:05:00",3808,12.23,-9.14,0.547,-0.25,267.3,259.2,-10.41
"2026-03-05 05:06:00",3809,12.23,-9.12,0.398,-0.241,267.6,261,-10.38
"2026-03-05 05:07:00",3810,12.23,-9.12,-0.046,-0.417,267.6,262.4,-10.44
"2026-03-05 05:08:00",3811,12.23,-9.12,0,-0.556,268.1,262.5,-10.38
"2026-03-05 05:09:00",3812,12.23,-9.12,0.176,-0.482,268.1,261.9,-10.39
"2026-03-05 05:10:00",3813,12.23,-9.12,0.472,-0.12,267.9,259.2,-10.41
"2026-03-05 05:11:00",3814,12.23,-9.12,0.241,-0.296,267.6,258,-10.41
"2026-03-05 05:12:00",3815,12.23,-9.12,0.398,-0.204,267.5,257.7,-10.41
"2026-03-05 05:13:00",3816,12.23,-9.1,0.083,-0.333,267.6,257.8,-10.41
"2026-03-05 05:14:00",3817,12.23,-9.1,0.167,-0.324,267.7,257.9,-10.41
"2026-03-05 05:15:00",3818,12.23,-9.1,0.556,-0.167,267.7,259.7,-10.4
"2026-03-05 05:16:00",3819,12.23,-9.1,0.019,-0.371,267.9,259.7,-10.42
"2026-03-05 05:17:00",3820,12.23,-9.1,0.528,-0.046,267.4,258.1,-10.44
"2026-03-05 05:18:00",3821,12.23,-9.1,0.5,-0.028,267.7,258.7,-10.41
"2026-03-05 05:19:00",3822,12.23,-9.1,0.222,-0.185,267.7,258.3,-10.41
"2026-03-05 05:20:00",3823,12.23,-9.1,0.102,-0.269,268,260.1,-10.41
"2026-03-05 05:21:00",3824,12.23,-9.1,0.259,-0.352,268,259.8,-10.36
"2026-03-05 05:22:00",3825,12.23,-9.1,0.482,-0.037,268.3,260.9,-10.31
"2026-03-05 05:23:00",3826,12.23,-9.1,0.556,0,268.3,262.1,-10.3
"2026-03-05 05:24:00",3827,12.23,-9.1,0.195,-0.157,268.5,261.8,-10.32
"2026-03-05 05:25:00",3828,12.23,-9.07,0.556,0.12,268,258.8,-10.35
"2026-03-05 05:26:00",3829,12.23,-9.07,0.556,0.037,267.1,254.2,-10.41
"2026-03-05 05:27:00",3830,12.23,-9.07,0.232,-0.333,267.5,254.2,-10.38
"2026-03-05 05:28:00",3831,12.23,-9.07,0.139,-0.408,267.1,252,-10.39
"2026-03-05 05:29:00",3832,12.23,-9.07,0.556,0.12,266.4,250.9,-10.41
"2026-03-05 05:30:00",3833,12.23,-9.07,0.537,-0.074,266.6,253.8,-10.49
"2026-03-05 05:31:00",3834,12.23,-9.07,-0.074,-0.676,267.4,257,-10.52
"2026-03-05 05:32:00",3835,12.23,-9.07,0.167,-0.426,267.4,255.6,-10.49
"2026-03-05 05:33:00",3836,12.23,-9.07,0.556,-0.13,267.2,254.1,-10.45
"2026-03-05 05:34:00",3837,12.23,-9.07,0.556,-0.056,267.3,256.7,-10.45
"2026-03-05 05:35:00",3838,12.23,-9.07,0.5,-0.074,267.5,258.3,-10.47
"2026-03-05 05:36:00",3839,12.23,-9.07,0.537,0.037,267.6,253.8,-10.39
"2026-03-05 05:37:00",3840,12.23,-9.07,0.556,-0.213,267.5,252,-10.39
"2026-03-05 05:38:00",3841,12.23,-9.07,0.556,0.028,266.8,253,-10.39
"2026-03-05 05:39:00",3842,12.23,-9.07,0.547,-0.074,266.7,253.8,-10.45
"2026-03-05 05:40:00",3843,12.23,-9.07,0.454,-0.241,266.8,251.5,-10.45
"2026-03-05 05:41:00",3844,12.23,-9.07,0.445,-0.408,266.7,250.2,-10.43
"2026-03-05 05:42:00",3845,12.23,-9.07,0.556,0.111,266,250.2,-10.41
"2026-03-05 05:43:00",3846,12.23,-9.07,0.556,0.148,266,251.5,-10.47
"2026-03-05 05:44:00",3847,12.23,-9.07,0.148,-0.185,266.7,253.4,-10.57
"2026-03-05 05:45:00",3848,12.23,-9.07,0.185,-0.204,266.8,253.2,-10.49
"2026-03-05 05:46:00",3849,12.23,-9.07,0.556,0.093,265.7,249.1,-10.49
"2026-03-05 05:47:00",3850,12.23,-9.07,0.463,-0.269,266.1,247.8,-10.49
"2026-03-05 05:48:00",3851,12.23,-9.07,0.556,0,266,249.2,-10.45
"2026-03-05 05:49:00",3852,12.23,-9.07,0.556,0.009,266.4,254.1,-10.46
"2026-03-05 05:50:00",3853,12.23,-9.07,0.556,0.195,266.8,255.6,-10.46
"2026-03-05 05:51:00",3854,12.23,-9.07,0.556,0.111,267.4,257.3,-10.43
"2026-03-05 05:52:00",3855,12.23,-9.07,0.556,0.269,267.2,258,-10.4
"2026-03-05 05:53:00",3856,12.23,-9.07,0.556,0.556,267,256.1,-10.41
"2026-03-05 05:54:00",3857,12.23,-9.07,0.556,0.528,266.9,254.9,-10.41
"2026-03-05 05:55:00",3858,12.23,-9.07,0.556,0.454,267.2,254.5,-10.4
"2026-03-05 05:56:00",3859,12.23,-9.07,0.556,0.371,267.1,254.4,-10.41
"2026-03-05 05:57:00",3860,12.23,-9.07,0.556,0.556,266.5,254.9,-10.42
"2026-03-05 05:58:00",3861,12.23,-9.07,0.556,0.547,266.7,256.2,-10.4
"2026-03-05 05:59:00",3862,12.23,-9.07,0.556,0.38,267.2,256,-10.39
"2026-03-05 06:00:00",3863,12.23,-9.07,0.556,0.315,267.2,256.3,-10.39
"2026-03-05 06:01:00",3864,12.23,-9.07,0.556,0.556,266.8,256.7,-10.41
"2026-03-05 06:02:00",3865,12.23,-9.07,0.973,0.639,266.7,254.5,-10.4
"2026-03-05 06:03:00",3866,12.23,-9.07,0.556,0.417,267.4,256.2,-10.39
"2026-03-05 06:04:00",3867,12.23,-9.07,0.556,0.454,267.6,258.5,-10.41
"2026-03-05 06:05:00",3868,12.23,-9.07,0.732,0.658,267.6,259.8,-10.41
"2026-03-05 06:06:00",3869,12.23,-9.07,0.908,0.852,267.8,258.4,-10.32
"2026-03-05 06:07:00",3870,12.23,-9.07,1.621,1.112,267.1,252.8,-10.37
"2026-03-05 06:08:00",3871,12.23,-9.07,0.769,0.704,267,252.4,-10.4
"2026-03-05 06:09:00",3872,12.23,-9.05,0.723,0.556,267.2,256.9,-10.41
"2026-03-05 06:10:00",3873,12.23,-9.05,1.269,0.954,267.6,258,-10.4
"2026-03-05 06:11:00",3874,12.23,-9.05,1.047,0.88,267.6,253.7,-10.4
"2026-03-05 06:12:00",3875,12.23,-9.05,1.167,0.778,267.6,256,-10.42
"2026-03-05 06:13:00",3876,12.23,-9.05,1.649,1.139,267.4,251.9,-10.41
"2026-03-05 06:14:00",3877,12.23,-9.05,1.63,1.315,266.9,249.1,-10.41
"2026-03-05 06:15:00",3878,12.23,-9.05,1.26,0.778,267.1,250.6,-10.42
"2026-03-05 06:16:00",3879,12.23,-9.05,1.63,1.232,267.1,252.3,-10.43
"2026-03-05 06:17:00",3880,12.23,-9.05,1.667,1.112,267.1,252.9,-10.45
"2026-03-05 06:18:00",3881,12.23,-9.05,1.64,1.186,267.2,252.9,-10.4
"2026-03-05 06:19:00",3882,12.23,-9.05,1.612,1.139,267.1,252.9,-10.39
"2026-03-05 06:20:00",3883,12.23,-9.05,1.667,1.621,267,252.5,-10.4
"2026-03-05 06:21:00",3884,12.23,-9.05,1.667,1.593,266.9,252.2,-10.42
"2026-03-05 06:22:00",3885,12.23,-9.05,1.667,1.667,267.3,253.6,-10.42
"2026-03-05 06:23:00",3886,12.23,-9.05,1.667,1.667,266.9,250,-10.41
"2026-03-05 06:24:00",3887,12.23,-9.05,1.667,1.667,266.8,248.3,-10.41
"2026-03-05 06:25:00",3888,12.23,-9.05,1.825,1.667,267,253,-10.41
"2026-03-05 06:26:00",3889,12.23,-9.05,2.121,1.89,267.5,254.8,-10.39
"2026-03-05 06:27:00",3890,12.23,-9.05,1.779,1.806,267.7,256.2,-10.38
"2026-03-05 06:28:00",3891,12.23,-9.05,2.39,2.223,267.7,257,-10.38
"2026-03-05 06:29:00",3892,12.23,-9.05,2.594,2.223,267.1,253,-10.45
"2026-03-05 06:30:00",3893,12.23,-9.05,2.603,2.223,266.8,250.5,-10.46
"2026-03-05 06:31:00",3894,12.23,-9.05,2.779,2.223,266.9,253.5,-10.5
"2026-03-05 06:32:00",3895,12.23,-9.05,2.112,1.927,266.8,253.7,-10.59
"2026-03-05 06:33:00",3896,12.23,-9.05,2.742,2.223,267.1,257.1,-10.57
"2026-03-05 06:34:00",3897,12.23,-9.03,2.779,2.594,267.3,258.9,-10.56
"2026-03-05 06:35:00",3898,12.23,-9.05,2.677,2.649,267.7,259.9,-10.51
"2026-03-05 06:36:00",3899,12.23,-9.03,2.779,2.779,267.7,257.4,-10.49
"2026-03-05 06:37:00",3900,12.23,-9.03,2.779,2.779,267.5,256.5,-10.49
"2026-03-05 06:38:00",3901,12.23,-9.03,2.779,2.788,267.8,259.2,-10.48
"2026-03-05 06:39:00",3902,12.23,-9.03,2.918,3.187,268.1,260.6,-10.44
"2026-03-05 06:40:00",3903,12.23,-9.03,3.233,3.335,268.1,260.1,-10.39
"2026-03-05 06:41:00",3904,12.23,-9.03,3.604,3.344,267.7,258.2,-10.41
"2026-03-05 06:42:00",3905,12.23,-9.03,3.298,3.381,268,260.1,-10.4
"2026-03-05 06:43:00",3906,12.23,-9.03,3.576,3.483,268.2,261.6,-10.39
"2026-03-05 06:44:00",3907,12.23,-9.03,3.511,3.668,268.5,262.5,-10.4
"2026-03-05 06:45:00",3908,12.23,-9.03,3.891,3.891,268.3,262.3,-10.4
"2026-03-05 06:46:00",3909,12.23,-9.03,3.891,3.891,268.4,261.9,-10.4
"2026-03-05 06:47:00",3910,12.23,-9.03,3.826,3.956,268.6,260.3,-10.34
"2026-03-05 06:48:00",3911,12.23,-9.01,3.807,3.928,268.2,256.8,-10.31
"2026-03-05 06:49:00",3912,12.23,-9.01,4.632,4.752,267.8,258.6,-10.31
"2026-03-05 06:50:00",3913,12.23,-9.01,3.891,4.03,268.2,258.8,-10.32
"2026-03-05 06:51:00",3914,12.23,-9.01,3.9,4.363,268.1,257.9,-10.29
"2026-03-05 06:52:00",3915,12.23,-9.01,4.697,4.845,267.8,258,-10.31
"2026-03-05 06:53:00",3916,12.23,-9.01,4.261,4.66,267.9,256.2,-10.33
"2026-03-05 06:54:00",3917,12.23,-9.01,3.974,4.28,268.3,258.9,-10.31
"2026-03-05 06:55:00",3918,12.23,-9.01,4.993,5.002,268.2,257.2,-10.22
"2026-03-05 06:56:00",3919,12.23,-9.01,5.002,5.002,267.8,254.2,-10.23
"2026-03-05 06:57:00",3920,12.23,-8.98,5.002,5.114,268,260,-10.25
"2026-03-05 06:58:00",3921,12.23,-8.98,5.28,5.901,268.1,260.5,-10.24
"2026-03-05 06:59:00",3922,12.23,-8.98,5.002,5.391,268.3,259.5,-10.21
"2026-03-05 07:00:00",3923,12.23,-8.98,5.002,5.54,268,259.3,-10.26
"2026-03-05 07:01:00",3924,12.23,-8.98,5.002,5.493,268,259.7,-10.29
"2026-03-05 07:02:00",3925,12.23,-8.98,5.039,5.827,267.9,257.9,-10.29
"2026-03-05 07:03:00",3926,12.23,-8.98,6.077,6.114,267.8,257.5,-10.29
"2026-03-05 07:04:00",3927,12.23,-8.98,5.317,5.836,267.8,257.9,-10.33
"2026-03-05 07:05:00",3928,12.23,-8.98,5.882,6.133,267.8,257.9,-10.29
"2026-03-05 07:06:00",3929,12.23,-8.98,6.114,6.253,268.2,259.9,-10.27
"2026-03-05 07:07:00",3930,12.23,-8.96,6.114,6.16,268.2,258.9,-10.21
"2026-03-05 07:08:00",3931,12.23,-8.96,6.114,6.716,268.2,261,-10.25
"2026-03-05 07:09:00",3932,12.23,-8.96,6.114,7.179,268.2,260.8,-10.26
"2026-03-05 07:10:00",3933,12.23,-8.96,6.772,7.318,267.9,259.2,-10.24
"2026-03-05 07:11:00",3934,12.23,-8.96,6.179,6.92,268.1,259.8,-10.22
"2026-03-05 07:12:00",3935,12.23,-8.96,6.401,7.161,268.2,260.3,-10.25
"2026-03-05 07:13:00",3936,12.23,-8.96,7.17,7.605,268.1,259.5,-10.22
"2026-03-05 07:14:00",3937,12.23,-8.96,7.133,7.605,267.8,258.4,-10.27
"2026-03-05 07:15:00",3938,12.23,-8.96,7.226,7.948,268,259,-10.24
"2026-03-05 07:16:00",3939,12.23,-8.96,7.226,7.93,267.8,257.7,-10.23
"2026-03-05 07:17:00",3940,12.23,-8.96,7.226,7.8,267.5,258.6,-10.33
"2026-03-05 07:18:00",3941,12.23,-8.94,7.846,8.51,268,260.5,-10.29
"2026-03-05 07:19:00",3942,12.23,-8.94,8.34,9.33,267.9,259.8,-10.29
"2026-03-05 07:20:00",3943,12.23,-8.94,8.31,8.98,267.9,258,-10.3
"2026-03-05 07:21:00",3944,12.23,-8.94,7.513,8.2,268.4,257.4,-10.27
"2026-03-05 07:22:00",3945,12.23,-8.94,8.43,9.32,268,258.1,-10.26
"2026-03-05 07:23:00",3946,12.23,-8.94,9.4,10.14,267.7,259,-10.26
"2026-03-05 07:24:00",3947,12.23,-8.94,9.33,10.21,267.7,257.7,-10.23
"2026-03-05 07:25:00",3948,12.23,-8.94,8.34,9.37,267.8,255.4,-10.22
"2026-03-05 07:26:00",3949,12.23,-8.94,8.6,9.49,267.7,257.5,-10.26
"2026-03-05 07:27:00",3950,12.23,-8.94,9.47,10.48,267.9,258.2,-10.24
"2026-03-05 07:28:00",3951,12.23,-8.94,9.45,10.57,267.9,257.3,-10.22
"2026-03-05 07:29:00",3952,12.23,-8.94,9.04,9.87,267.7,253.9,-10.22
"2026-03-05 07:30:00",3953,12.23,-8.94,9.45,10.17,266.8,250.8,-10.28
"2026-03-05 07:31:00",3954,12.23,-8.92,8.97,9.57,267.1,252.7,-10.29
"2026-03-05 07:32:00",3955,12.23,-8.92,9.45,10.39,267.9,258.7,-10.21
"2026-03-05 07:33:00",3956,12.23,-8.92,9.9,10.76,268.3,260.8,-10.25
"2026-03-05 07:34:00",3957,12.23,-8.92,10.52,11.53,268.6,260.4,-10.15
"2026-03-05 07:35:00",3958,12.23,-8.92,10.56,11.7,268.4,259.6,-10.14
"2026-03-05 07:36:00",3959,12.23,-8.92,10.56,11.67,268,256.6,-10.18
"2026-03-05 07:37:00",3960,12.23,-8.92,10.52,11.4,268,255.5,-10.21
"2026-03-05 07:38:00",3961,12.23,-8.92,10.2,11.06,268.1,255.2,-10.25
"2026-03-05 07:39:00",3962,12.23,-8.92,11.01,12.13,267.6,254.6,-10.25
"2026-03-05 07:40:00",3963,12.23,-8.92,10.63,11.62,267.6,250.9,-10.23
"2026-03-05 07:41:00",3964,12.23,-8.92,10.56,11.55,267.2,250.9,-10.26
"2026-03-05 07:42:00",3965,12.23,-8.92,10.93,11.92,267.6,255.1,-10.26
"2026-03-05 07:43:00",3966,12.23,-8.92,10.95,12.02,267.9,255.9,-10.22
"2026-03-05 07:44:00",3967,12.23,-8.92,11.49,12.46,267.9,256.3,-10.24
"2026-03-05 07:45:00",3968,12.23,-8.92,10.99,12.22,268.1,256.3,-10.24
"2026-03-05 07:46:00",3969,12.23,-8.92,10.69,11.9,267.8,253,-10.17
"2026-03-05 07:47:00",3970,12.23,-8.92,11.23,12.19,267.6,252.8,-10.2
"2026-03-05 07:48:00",3971,12.23,-8.92,11.64,12.65,268.2,254.6,-10.14
"2026-03-05 07:49:00",3972,12.23,-8.92,11.74,12.89,268.7,256.8,-10.13
"2026-03-05 07:50:00",3973,12.23,-8.89,11.68,13.13,268.2,256.1,-10.06
"2026-03-05 07:51:00",3974,12.23,-8.89,11.77,12.94,268,256.8,-10.1
"2026-03-05 07:52:00",3975,12.23,-8.89,12.05,13.2,268.3,255.4,-10.06
"2026-03-05 07:53:00",3976,12.23,-8.89,11.72,13.08,268.5,255.9,-10.07
"2026-03-05 07:54:00",3977,12.23,-8.89,12.05,13.23,268.3,257.7,-10.08
"2026-03-05 07:55:00",3978,12.23,-8.89,12.6,13.67,268.5,257.7,-10.1
"2026-03-05 07:56:00",3979,12.23,-8.89,12.77,13.9,268,254.9,-10.11
"2026-03-05 07:57:00",3980,12.23,-8.89,12.35,13.53,267.8,255,-10.11
"2026-03-05 07:58:00",3981,12.23,-8.89,12.78,13.94,268,256.2,-10.1
"2026-03-05 07:59:00",3982,12.23,-8.89,12.78,14.11,268.3,258.3,-10.09
"2026-03-05 08:00:00",3983,12.23,-8.87,12.78,14.22,268.1,256.8,-10.11
"2026-03-05 08:01:00",3984,12.23,-8.87,13.23,14.44,268.1,255.8,-10.11
"2026-03-05 08:02:00",3985,12.23,-8.87,13.75,14.45,268.3,256.4,-10.09
"2026-03-05 08:03:00",3986,12.23,-8.87,13.4,14.45,268.5,256,-10.06
"2026-03-05 08:04:00",3987,12.23,-8.87,14.16,15.36,268.4,256.9,-10.11
"2026-03-05 08:05:00",3988,12.23,-8.87,14.33,15.78,268.6,258.8,-10.1
"2026-03-05 08:06:00",3989,12.23,-8.87,14.66,16.4,268.6,259.4,-10.07
"2026-03-05 08:07:00",3990,12.23,-8.87,15.53,17.23,269,261.6,-10.06
"2026-03-05 08:08:00",3991,12.23,-8.87,14.59,16.41,269,261.1,-10.06
"2026-03-05 08:09:00",3992,12.23,-8.87,13.9,14.88,268.8,260.6,-10.08
"2026-03-05 08:10:00",3993,12.23,-8.87,14.39,15.66,268.6,260.7,-10.1
"2026-03-05 08:11:00",3994,12.23,-8.85,14.92,16.56,269,262.3,-10.09
"2026-03-05 08:12:00",3995,12.23,-8.85,15.66,17.66,269.2,263.1,-10.06
"2026-03-05 08:13:00",3996,12.23,-8.85,16.66,18.41,269.2,263.1,-9.99
"2026-03-05 08:14:00",3997,12.23,-8.85,15.27,17.43,268.9,261.6,-10.01
"2026-03-05 08:15:00",3998,12.23,-8.85,15.41,17.21,268.9,261.3,-10.06
"2026-03-05 08:16:00",3999,12.23,-8.85,15.56,17.5,268.8,261.7,-10.09
"2026-03-05 08:17:00",4000,12.23,-8.85,15.97,18.01,268.9,262.2,-10.09
"2026-03-05 08:18:00",4001,12.23,-8.85,16.67,19.02,269.1,262.6,-10.07
"2026-03-05 08:19:00",4002,12.23,-8.82,16.67,18.9,269.1,261.5,-10.09
"2026-03-05 08:20:00",4003,12.23,-8.82,16.24,18.34,268.6,259.5,-10.11
"2026-03-05 08:21:00",4004,12.23,-8.82,16.55,18.47,268.5,258.8,-10.09
"2026-03-05 08:22:00",4005,12.23,-8.82,16.67,18.7,268.9,260.7,-10.09
"2026-03-05 08:23:00",4006,12.23,-8.82,16.73,18.93,268.8,260.5,-10.04
"2026-03-05 08:24:00",4007,12.23,-8.82,16.67,18.91,268.9,259.8,-9.99
"2026-03-05 08:25:00",4008,12.23,-8.82,16.67,18.55,268.5,257.8,-10.02
"2026-03-05 08:26:00",4009,12.23,-8.82,16.67,18.53,268.7,258.6,-10
"2026-03-05 08:27:00",4010,12.23,-8.8,17.08,19.23,269,260.5,-10.01
"2026-03-05 08:28:00",4011,12.23,-8.8,17.55,19.78,269.2,262.9,-10.01
"2026-03-05 08:29:00",4012,12.23,-8.8,16.68,18.9,269.1,263,-10
"2026-03-05 08:30:00",4013,12.23,-8.8,17.23,19.31,269.4,264.5,-10.01
"2026-03-05 08:31:00",4014,12.23,-8.8,18.38,20.62,269.3,263.5,-10.01
"2026-03-05 08:32:00",4015,12.23,-8.8,18.77,21.04,269.3,263.7,-10.01
"2026-03-05 08:33:00",4016,12.23,-8.78,17.48,19.6,269.3,262.8,-10.01
"2026-03-05 08:34:00",4017,12.23,-8.78,17.16,19.18,269.5,263.6,-9.99
"2026-03-05 08:35:00",4018,12.23,-8.78,18.02,20.19,269.4,263.3,-10
"2026-03-05 08:36:00",4019,12.23,-8.78,19.58,21.97,269.5,262.8,-10
"2026-03-05 08:37:00",4020,12.23,-8.78,18.9,21.02,269.4,263.6,-10.01
"2026-03-05 08:38:00",4021,12.23,-8.78,18.76,20.72,269.5,263.3,-10.01
"2026-03-05 08:39:00",4022,12.23,-8.78,18.73,20.81,269.4,264.3,-10.08
"2026-03-05 08:40:00",4023,12.23,-8.76,20.03,22.32,269.2,263.9,-10.11
"2026-03-05 08:41:00",4024,12.23,-8.76,21.99,24.93,269.4,264.7,-10.11
"2026-03-05 08:42:00",4025,12.23,-8.76,22.23,25.23,269.5,264.7,-10.1
"2026-03-05 08:43:00",4026,12.23,-8.76,21.67,24.46,269.8,264,-10.01
"2026-03-05 08:44:00",4027,12.23,-8.76,22.15,24.79,269.8,263.6,-10
"2026-03-05 08:45:00",4028,12.23,-8.76,22.18,25.13,269.8,264.4,-10
"2026-03-05 08:46:00",4029,12.23,-8.73,21.13,23.99,269.5,263.5,-10.04
"2026-03-05 08:47:00",4030,12.23,-8.73,22.11,24.7,269.6,264.1,-10.09
"2026-03-05 08:48:00",4031,12.23,-8.73,21.68,24.47,269.4,262.1,-10.09
"2026-03-05 08:49:00",4032,12.23,-8.73,20.6,23.34,269.6,260.5,-10.03
"2026-03-05 08:50:00",4033,12.23,-8.73,20.5,22.73,269.4,258.6,-9.99
"2026-03-05 08:51:00",4034,12.23,-8.73,20,22.1,269,257.8,-10.07
"2026-03-05 08:52:00",4035,12.23,-8.73,20.48,22.72,269.1,256.6,-10.07
"2026-03-05 08:53:00",4036,12.23,-8.71,22.03,24.36,269.1,257.6,-10.08
"2026-03-05 08:54:00",4037,12.23,-8.71,20.85,23.4,268.7,254.1,-10.12
"2026-03-05 08:55:00",4038,12.23,-8.71,20.01,22.23,268.9,255.1,-10.12
"2026-03-05 08:56:00",4039,12.23,-8.71,20.08,22.26,269,257.9,-10.12
"2026-03-05 08:57:00",4040,12.23,-8.71,21.5,23.62,269,258.6,-10.06
"2026-03-05 08:58:00",4041,12.23,-8.71,22.23,24.8,269,259.6,-10.12
"2026-03-05 08:59:00",4042,12.23,-8.71,20.98,23.63,268.6,256.9,-10.18
"2026-03-05 09:00:00",4043,12.23,-8.71,20.39,22.77,268.8,254,-10.16
"2026-03-05 09:01:00",4044,12.23,-8.69,20.69,22.98,268.8,251.9,-10.15
"2026-03-05 09:02:00",4045,12.23,-8.69,22.14,24.55,268.7,256,-10.11
"2026-03-05 09:03:00",4046,12.23,-8.69,21.73,24.21,269.3,257.3,-10.08
"2026-03-05 09:04:00",4047,12.23,-8.69,22.23,24.87,268.9,257,-10.07
"2026-03-05 09:05:00",4048,12.23,-8.69,23.1,25.45,269,257.2,-10
"2026-03-05 09:06:00",4049,12.23,-8.69,23.05,25.5,268.8,255.8,-10.06
"2026-03-05 09:07:00",4050,12.23,-8.69,24.05,26.77,268.5,254.9,-10.09
"2026-03-05 09:08:00",4051,12.23,-8.69,26.99,30.36,268.9,258,-10.09
"2026-03-05 09:09:00",4052,12.23,-8.69,27.71,31.66,268.9,260.2,-10.13
"2026-03-05 09:10:00",4053,12.23,-8.69,24.52,27.81,268.9,259.4,-10.13
"2026-03-05 09:11:00",4054,12.23,-8.69,23.54,26.43,268.9,258.7,-10.11
"2026-03-05 09:12:00",4055,12.23,-8.69,25.55,28.74,268.7,259.6,-10.09
"2026-03-05 09:13:00",4056,12.23,-8.69,26.4,29.88,269.2,261,-10.11
"2026-03-05 09:14:00",4057,12.23,-8.67,24.99,28.5,269.3,259.5,-10.08
"2026-03-05 09:15:00",4058,12.23,-8.67,25.59,29.38,269.1,259.8,-10.11
"2026-03-05 09:16:00",4059,12.23,-8.67,25.96,29.38,269,259.2,-10.14
"2026-03-05 09:17:00",4060,12.23,-8.67,27.75,31.41,269,259.6,-10.11
"2026-03-05 09:18:00",4061,12.23,-8.67,30.75,34.95,269.1,260.6,-10.14
"2026-03-05 09:19:00",4062,12.23,-8.67,30.33,35.06,269,262.3,-10.17
"2026-03-05 09:20:00",4063,12.23,-8.67,29.04,33.51,269,260.8,-10.17
"2026-03-05 09:21:00",4064,12.23,-8.67,30.74,35.3,269.2,259.8,-10.14
"2026-03-05 09:22:00",4065,12.23,-8.67,32.46,37.72,269,258.4,-10.12
"2026-03-05 09:23:00",4066,12.23,-8.64,28.36,32.77,269.1,258.7,-10.12
"2026-03-05 09:24:00",4067,12.23,-8.64,26.92,30.5,268.9,260.6,-10.11
"2026-03-05 09:25:00",4068,12.23,-8.64,29.28,33.15,269.2,260.9,-10.07
"2026-03-05 09:26:00",4069,12.23,-8.64,30.77,35.22,269.3,260.7,-10.11
"2026-03-05 09:27:00",4070,12.23,-8.64,31.12,36.34,269.6,261.7,-10.07
"2026-03-05 09:28:00",4071,12.23,-8.64,30.78,35.2,269.6,261.3,-10.04
"2026-03-05 09:29:00",4072,12.23,-8.64,32.66,37.3,269.3,261.1,-10.01
"2026-03-05 09:30:00",4073,12.23,-8.64,37.13,42.92,269.4,261,-10.01
"2026-03-05 09:31:00",4074,12.23,-8.62,39.63,46.75,269.2,259.4,-9.98
"2026-03-05 09:32:00",4075,12.23,-8.62,37.04,43.13,269.1,258.8,-10.01
"2026-03-05 09:33:00",4076,12.23,-8.62,39.76,46.15,269,260.9,-10.01
"2026-03-05 09:34:00",4077,12.23,-8.62,41.13,47.92,268.9,261.2,-10.05
"2026-03-05 09:35:00",4078,12.23,-8.62,39.56,46.52,269,261,-10.08
"2026-03-05 09:36:00",4079,12.23,-8.62,36.74,42.86,269,260.8,-10.08
"2026-03-05 09:37:00",4080,12.23,-8.6,35.52,41.35,269,261.2,-10.11
"2026-03-05 09:38:00",4081,12.23,-8.6,36.43,42.2,268.7,261.2,-10.16
"2026-03-05 09:39:00",4082,12.23,-8.6,36.87,42.84,268.4,260.9,-10.25
"2026-03-05 09:40:00",4083,12.23,-8.6,36.77,42.82,268.5,260.2,-10.25
"2026-03-05 09:41:00",4084,12.23,-8.6,37.74,43.96,268.6,260.5,-10.23
"2026-03-05 09:42:00",4085,12.23,-8.6,36.05,41.91,268.2,260,-10.29
"2026-03-05 09:43:00",4086,12.23,-8.6,37.41,43.13,268.9,260.8,-10.27
"2026-03-05 09:44:00",4087,12.23,-8.6,42.07,48.94,269.1,260.5,-10.21
"2026-03-05 09:45:00",4088,12.23,-8.58,43.07,50.81,269,259.2,-10.14
"2026-03-05 09:46:00",4089,12.23,-8.58,37.64,44.06,269,258.2,-10.13
"2026-03-05 09:47:00",4090,12.23,-8.58,36.48,42.15,268.5,256.2,-10.14
"2026-03-05 09:48:00",4091,12.23,-8.58,38.73,44.71,268.5,258.2,-10.15
"2026-03-05 09:49:00",4092,12.23,-8.58,38.79,45.06,268.4,256.1,-10.16
"2026-03-05 09:50:00",4093,12.23,-8.58,36.94,42.77,267.7,254.7,-10.2
"2026-03-05 09:51:00",4094,12.23,-8.58,36.39,41.63,267.6,254,-10.22
"2026-03-05 09:52:00",4095,12.23,-8.58,37.57,43.32,267.4,254.8,-10.26
"2026-03-05 09:53:00",4096,12.23,-8.58,35.56,40.7,267.4,253.5,-10.26
"2026-03-05 09:54:00",4097,12.23,-8.58,37.04,42.42,267.3,253.1,-10.24
"2026-03-05 09:55:00",4098,12.23,-8.55,39.74,45.73,267.4,255.7,-10.27
"2026-03-05 09:56:00",4099,12.23,-8.55,39.67,46.19,267.4,254.9,-10.29
"2026-03-05 09:57:00",4100,12.23,-8.55,40.73,47.48,267.9,256.7,-10.27
"2026-03-05 09:58:00",4101,12.23,-8.55,38.92,45.37,268.9,258.3,-10.13
"2026-03-05 09:59:00",4102,12.23,-8.55,36.7,42.84,268.6,256.8,-10.08
"2026-03-05 10:00:00",4103,12.23,-8.55,36.58,42.51,269,258.8,-10.03
"2026-03-05 10:01:00",4104,12.23,-8.55,36.27,41.98,269.2,259.8,-9.99
"2026-03-05 10:02:00",4105,12.23,-8.55,39.16,45.53,269,257.6,-9.92
"2026-03-05 10:03:00",4106,12.23,-8.55,38.93,45.34,269,257.8,-9.93
"2026-03-05 10:04:00",4107,12.23,-8.55,38.74,44.68,268.9,257.5,-9.95
"2026-03-05 10:05:00",4108,12.23,-8.55,42.49,49.44,268.9,257.6,-9.96
"2026-03-05 10:06:00",4109,12.23,-8.53,41.12,48.27,269.3,259.5,-9.91
"2026-03-05 10:07:00",4110,12.23,-8.53,34.8,40.03,269.1,258.7,-9.83
"2026-03-05 10:08:00",4111,12.23,-8.53,36.29,41.13,269.3,260.8,-9.85
"2026-03-05 10:09:00",4112,12.23,-8.53,40.74,46.94,269.1,261,-9.92
"2026-03-05 10:10:00",4113,12.23,-8.53,40.34,46.77,269.5,263,-9.94
"2026-03-05 10:11:00",4114,12.23,-8.53,37.11,42.44,269.2,262.7,-9.95
"2026-03-05 10:12:00",4115,12.23,-8.51,38.38,43.79,269.8,263.9,-9.92
"2026-03-05 10:13:00",4116,12.23,-8.51,40.62,46.82,270.4,264.7,-9.84
"2026-03-05 10:14:00",4117,12.23,-8.51,40.02,46.52,270,264,-9.85
"2026-03-05 10:15:00",4118,12.23,-8.51,38.97,44.88,270.1,263.7,-9.85
"2026-03-05 10:16:00",4119,12.23,-8.51,39.05,45.16,269.9,263.6,-9.86
"2026-03-05 10:17:00",4120,12.23,-8.51,37.67,43.61,270,263.8,-9.85
"2026-03-05 10:18:00",4121,12.23,-8.51,37.79,43.33,270.5,266,-9.84
"2026-03-05 10:19:00",4122,12.23,-8.49,39.46,45.54,270.3,265.7,-9.85
"2026-03-05 10:20:00",4123,12.23,-8.49,35.03,40.63,270.7,264.3,-9.85
"2026-03-05 10:21:00",4124,12.23,-8.49,37.88,43.57,270.3,262.4,-9.86
"2026-03-05 10:22:00",4125,12.23,-8.49,41.73,48.39,270.4,265.3,-9.84
"2026-03-05 10:23:00",4126,12.23,-8.49,38.8,45.06,270.6,265.6,-9.87
"2026-03-05 10:24:00",4127,12.23,-8.46,39.69,45.7,270.7,265.5,-9.85
"2026-03-05 10:25:00",4128,12.23,-8.46,40.25,46.54,270.7,265.7,-9.86
"2026-03-05 10:26:00",4129,12.23,-8.46,35.72,41.15,270.8,266.1,-9.85
"2026-03-05 10:27:00",4130,12.23,-8.46,31.82,36.37,270.9,265.2,-9.86
"2026-03-05 10:28:00",4131,12.23,-8.46,32,36.26,270.8,264.6,-9.88
"2026-03-05 10:29:00",4132,12.23,-8.44,35.05,39.93,271,266.5,-9.86
"2026-03-05 10:30:00",4133,12.23,-8.44,31.95,36.65,271.1,265.6,-9.86
"2026-03-05 10:31:00",4134,12.23,-8.44,32.15,36.5,270.7,264.1,-9.86
"2026-03-05 10:32:00",4135,12.23,-8.44,32.51,37.28,270.9,265.1,-9.84
"2026-03-05 10:33:00",4136,12.23,-8.44,30.15,34.31,270.6,264,-9.92
"2026-03-05 10:34:00",4137,12.23,-8.44,29.68,33.67,270.2,262.6,-9.97
"2026-03-05 10:35:00",4138,12.23,-8.44,31.43,35.42,270.3,263,-9.93
"2026-03-05 10:36:00",4139,12.23,-8.44,33.62,38.2,270.6,264.3,-9.92
"2026-03-05 10:37:00",4140,12.23,-8.42,34.92,39.82,270.5,263.8,-9.95
"2026-03-05 10:38:00",4141,12.23,-8.42,38.16,43.78,270.5,264.2,-9.95
"2026-03-05 10:39:00",4142,12.23,-8.42,37.89,43.93,270.5,263.2,-9.94
"2026-03-05 10:40:00",4143,12.23,-8.42,34.15,39.4,270.4,262.4,-9.94
"2026-03-05 10:41:00",4144,12.23,-8.42,31.37,35.84,270.4,263.2,-9.94
"2026-03-05 10:42:00",4145,12.23,-8.42,31.97,36.14,270.5,264.1,-9.91
"2026-03-05 10:43:00",4146,12.23,-8.42,32.24,36.93,270.9,265.8,-9.91
"2026-03-05 10:44:00",4147,12.23,-8.42,32.75,37.45,270.5,264.6,-9.94
"2026-03-05 10:45:00",4148,12.23,-8.42,33.35,37.79,270.7,266.1,-9.92
"2026-03-05 10:46:00",4149,12.23,-8.42,32.44,37.02,270.7,265.6,-9.95
"2026-03-05 10:47:00",4150,12.23,-8.42,32.96,37.64,270.5,263.1,-9.99
"2026-03-05 10:48:00",4151,12.23,-8.4,37.59,43.19,270.4,263.7,-10
"2026-03-05 10:49:00",4152,12.23,-8.4,40.85,47.44,270.6,265.7,-10
"2026-03-05 10:50:00",4153,12.23,-8.4,43.16,50.53,270.8,265.1,-9.97
"2026-03-05 10:51:00",4154,12.23,-8.4,41.23,48.69,270.9,264.7,-9.9
"2026-03-05 10:52:00",4155,12.23,-8.4,36.83,43.07,270.7,263.6,-9.91
"2026-03-05 10:53:00",4156,12.23,-8.4,34.08,39.55,270.4,263,-9.96
"2026-03-05 10:54:00",4157,12.23,-8.4,33.41,38.47,270.2,262.4,-10.01
"2026-03-05 10:55:00",4158,12.23,-8.4,36.94,42.62,270.4,262.9,-9.99
"2026-03-05 10:56:00",4159,12.23,-8.4,41.8,48.66,270.4,264.4,-9.99
"2026-03-05 10:57:00",4160,12.23,-8.38,40.59,47.58,270.6,265,-9.96
"2026-03-05 10:58:00",4161,12.23,-8.38,36.14,42.04,270.6,264.1,-9.92
"2026-03-05 10:59:00",4162,12.23,-8.38,37.4,43.62,270.7,264.5,-9.9
"2026-03-05 11:00:00",4163,12.23,-8.38,36.65,42.93,270.3,262.4,-9.94
"2026-03-05 11:01:00",4164,12.23,-8.38,32.97,38.05,270.5,261.3,-9.91
"2026-03-05 11:02:00",4165,12.23,-8.38,31.52,36.16,269.8,253.3,-9.9
"2026-03-05 11:03:00",4166,12.23,-8.38,31.47,35.88,269.4,254.5,-9.95
"2026-03-05 11:04:00",4167,12.23,-8.38,32.83,37.54,269.6,260.1,-10
"2026-03-05 11:05:00",4168,12.23,-8.38,32.23,36.68,269.7,256.9,-9.95
"2026-03-05 11:06:00",4169,12.23,-8.38,32.4,37.42,269.3,256.3,-9.99
"2026-03-05 11:07:00",4170,12.23,-8.38,31.4,36.35,269.3,255.3,-10.02
"2026-03-05 11:08:00",4171,12.23,-8.38,31.97,36.57,269.4,258.3,-10.02
"2026-03-05 11:09:00",4172,12.23,-8.38,32.86,37.51,269.8,260.3,-9.96
"2026-03-05 11:10:00",4173,12.23,-8.38,35.18,40.57,269.8,261.4,-9.99
"2026-03-05 11:11:00",4174,12.23,-8.38,32,37.15,270,258.4,-9.99
"2026-03-05 11:12:00",4175,12.23,-8.38,30.34,34.87,269.5,254.2,-9.93
"2026-03-05 11:13:00",4176,12.23,-8.38,30.81,35.5,269.1,252.6,-9.92
"2026-03-05 11:14:00",4177,12.23,-8.38,32.37,37.14,268.7,253.3,-9.95
"2026-03-05 11:15:00",4178,12.23,-8.38,33.9,39.18,268.9,258.2,-10.02
"2026-03-05 11:16:00",4179,12.23,-8.38,32.18,37.04,269.5,259,-9.98
"2026-03-05 11:17:00",4180,12.23,-8.38,34.31,39.57,269.5,259.4,-10
"2026-03-05 11:18:00",4181,12.23,-8.38,34.67,40.51,270,258.3,-9.95
"2026-03-05 11:19:00",4182,12.23,-8.38,35.14,40.51,269.2,255.9,-9.95
"2026-03-05 11:20:00",4183,12.23,-8.38,37.4,43.71,269.4,258.2,-9.93
"2026-03-05 11:21:00",4184,12.23,-8.38,36.78,42.95,269.8,259.1,-9.93
"2026-03-05 11:22:00",4185,12.23,-8.38,36.15,42.07,269.7,258.9,-9.93
"2026-03-05 11:23:00",4186,12.23,-8.38,36.1,41.8,270.1,260.3,-9.84
"2026-03-05 11:24:00",4187,12.23,-8.38,36.14,41.66,270.1,261.1,-9.86
"2026-03-05 11:25:00",4188,12.23,-8.38,36.6,42.56,269.9,261.6,-9.85
"2026-03-05 11:26:00",4189,12.23,-8.38,34.39,40.03,269.5,258.5,-9.92
"2026-03-05 11:27:00",4190,12.23,-8.38,33.62,38.67,269.5,260.1,-9.94
"2026-03-05 11:28:00",4191,12.23,-8.38,36.53,42.05,270,261.9,-9.85
"2026-03-05 11:29:00",4192,12.23,-8.35,37.05,42.83,270.1,261.3,-9.85
"2026-03-05 11:30:00",4193,12.23,-8.35,34.95,40.51,269.9,260.7,-9.85
"2026-03-05 11:31:00",4194,12.23,-8.35,32.09,36.89,270.1,261.2,-9.85
"2026-03-05 11:32:00",4195,12.23,-8.35,31.33,35.58,269.9,261.7,-9.86
"2026-03-05 11:33:00",4196,12.23,-8.35,33.09,37.79,269.8,261.4,-9.86
"2026-03-05 11:34:00",4197,12.23,-8.35,32.54,37.29,270,262.3,-9.85
"2026-03-05 11:35:00",4198,12.23,-8.35,31.62,36.27,269.9,262.3,-9.94
"2026-03-05 11:36:00",4199,12.23,-8.35,31.63,36.35,269.9,262.1,-9.94
"2026-03-05 11:37:00",4200,12.23,-8.35,31.74,36.78,270.1,261.6,-9.94
"2026-03-05 11:38:00",4201,12.23,-8.35,28.89,33.23,269.9,255.7,-9.94
"2026-03-05 11:39:00",4202,12.23,-8.35,28.8,32.59,269.4,254.2,-9.95
"2026-03-05 11:40:00",4203,12.23,-8.33,31.31,35.38,269.7,258.8,-9.94
"2026-03-05 11:41:00",4204,12.23,-8.33,31.78,36.54,270.1,261.3,-9.94
"2026-03-05 11:42:00",4205,12.23,-8.33,31.1,35.47,270.2,257.9,-9.86
"2026-03-05 11:43:00",4206,12.23,-8.33,32.57,37.14,269.9,258.7,-9.89
"2026-03-05 11:44:00",4207,12.23,-8.33,32.99,38.06,270,259.9,-9.94
"2026-03-05 11:45:00",4208,12.23,-8.33,31.76,36.54,269.8,257.4,-9.92
"2026-03-05 11:46:00",4209,12.23,-8.33,32.02,36.98,269.5,259.8,-9.94
"2026-03-05 11:47:00",4210,12.23,-8.33,30.19,34.7,270,259.9,-9.92
"2026-03-05 11:48:00",4211,12.23,-8.33,30.96,35.4,270.1,259.3,-9.95
"2026-03-05 11:49:00",4212,12.23,-8.33,31.56,36.25,270,258.7,-9.94
"2026-03-05 11:50:00",4213,12.23,-8.33,32.77,38.15,270.3,260.5,-9.94
"2026-03-05 11:51:00",4214,12.23,-8.33,32.16,37.18,270.7,262.2,-9.86
"2026-03-05 11:52:00",4215,12.23,-8.33,30.55,34.81,270.6,262.5,-9.86
"2026-03-05 11:53:00",4216,12.23,-8.33,29.06,33.26,270.6,262.5,-9.87
"2026-03-05 11:54:00",4217,12.23,-8.33,27.26,30.9,270.2,261.5,-9.96
"2026-03-05 11:55:00",4218,12.23,-8.33,27.57,31.74,269.9,256.4,-9.95
"2026-03-05 11:56:00",4219,12.23,-8.33,26.68,30.36,270,257,-9.94
"2026-03-05 11:57:00",4220,12.23,-8.33,26.96,30.52,270,259.7,-9.94
"2026-03-05 11:58:00",4221,12.23,-8.33,28.98,32.86,270.4,262.6,-9.94
"2026-03-05 11:59:00",4222,12.23,-8.33,28.4,32.67,270.2,258.5,-9.94
"2026-03-05 12:00:00",4223,12.23,-8.33,28.52,32.69,270,256.1,-9.94
"2026-03-05 12:01:00",4224,12.23,-8.33,29.54,33.88,270.4,258.8,-9.86
"2026-03-05 12:02:00",4225,12.23,-8.33,30.28,34.61,270.3,262.7,-9.91
"2026-03-05 12:03:00",4226,12.23,-8.33,31.09,35.76,270.4,263.5,-9.95
"2026-03-05 12:04:00",4227,12.23,-8.35,31.99,37.76,270.6,263.4,-9.92
"2026-03-05 12:05:00",4228,12.23,-8.38,34.3,40.72,270.4,261.2,-9.91
"2026-03-05 12:06:00",4229,12.2,-8.38,36.11,43.2,270.2,261.1,-9.93
"2026-03-05 12:07:00",4230,12.19,-8.35,36.22,43.01,270.6,262.9,-9.92
