"TOA5","CR850_Kayleigh","CR800","19785","CR800.Std.32.06","CPU:mini_AWS_Kayleigh.CR8","62587","Res_data_1_min"
"TIMESTAMP","RECORD","BattV","temperature","rel_humidity","wind_speed","gust_speed","wind_direction"
"TS","RN","Volts","degC","%","m/s","m/s","deg"
"","","Min","Avg","Smp","Avg","Max","Smp"
"2026-03-09 10:13:00",9876,12.59,-5.516,91.6,10.65,11.66,237.9
"2026-03-09 10:14:00",9877,12.59,-5.542,91.8,10.85,12.4,247.3
"2026-03-09 10:15:00",9878,12.58,-5.561,92,9.51,12.36,257.9
"2026-03-09 10:16:00",9879,12.58,-5.567,92.1,9.35,10.1,250.2
"2026-03-09 10:17:00",9880,12.22,-5.516,92.1,7.525,9.63,256.6
"2026-03-09 10:18:00",9881,12.24,-5.502,92,9.42,11.33,249.3
"2026-03-09 10:19:00",9882,12.17,-5.491,92.1,10.32,11.3,234.6
"2026-03-09 10:20:00",9883,12.22,-5.584,92.4,0,0,227.1
"2026-03-09 10:21:00",9884,12.21,-5.578,92.7,10.12,11.86,240.2
"2026-03-09 10:22:00",9885,12.28,-5.576,92.9,9.62,10.33,242.1
"2026-03-09 10:23:00",9886,12.31,-5.612,93.1,9.87,10.73,229.4
"2026-03-09 10:24:00",9887,12.33,-5.652,93.4,9.57,10.3,226.7
"2026-03-09 10:25:00",9888,12.34,-5.706,93.7,10.33,11.26,215.3
"2026-03-09 10:26:00",9889,12.35,-5.723,94.1,8.02,9.36,228.4
"2026-03-09 10:27:00",9890,12.36,-5.695,94.2,8.46,11.03,220
"2026-03-09 10:28:00",9891,12.37,-5.689,94.3,7.664,9.66,227.7
"2026-03-09 10:29:00",9892,12.37,-5.652,94.2,7.322,10.4,232.6
"2026-03-09 10:30:00",9893,12.38,-5.587,94,11.36,14.63,230.2
"2026-03-09 10:31:00",9894,12.38,-5.556,93.9,10.3,11.46,265.1
"2026-03-09 10:32:00",9895,12.38,-5.576,93.9,11.09,13.43,240.9
"2026-03-09 10:33:00",9896,12.4,-5.562,93.9,12.1,13.83,248.5
"2026-03-09 10:34:00",9897,12.4,-5.559,93.6,11.93,14.39,258.5
"2026-03-09 10:35:00",9898,12.41,-5.486,93.2,11.04,13.49,276.9
"2026-03-09 10:36:00",9899,12.41,-5.494,93,9.44,14.49,251.7
"2026-03-09 10:37:00",9900,12.41,-5.514,92.7,12,13.93,256
"2026-03-09 10:38:00",9901,12.41,-5.517,92.3,10.25,12.1,234.4
"2026-03-09 10:39:00",9902,12.42,-5.488,92.1,13.08,15.93,256.4
"2026-03-09 10:40:00",9903,12.42,-5.494,92.1,10.85,13.23,260
"2026-03-09 10:41:00",9904,12.42,-5.545,92.4,10.21,12.79,245.7
"2026-03-09 10:42:00",9905,12.42,-5.599,92.6,11.82,12.4,238.6
"2026-03-09 10:43:00",9906,12.42,-5.611,92.8,10.46,11.7,246.8
"2026-03-09 10:44:00",9907,12.42,-5.643,93.2,12.23,14.16,212.8
"2026-03-09 10:45:00",9908,12.43,-5.658,93.4,10.28,12.3,237.6
"2026-03-09 10:46:00",9909,12.43,-5.689,93.7,10.64,12.1,222.5
"2026-03-09 10:47:00",9910,12.43,-5.724,93.9,10.93,12,245.2
"2026-03-09 10:48:00",9911,12.43,-5.762,94.2,12.6,14.03,214.8
"2026-03-09 10:49:00",9912,12.43,-5.799,94.3,10.2,11.76,267.7
"2026-03-09 10:50:00",9913,12.43,-5.799,94.4,10.93,13.36,226.6
"2026-03-09 10:51:00",9914,12.43,-5.802,94.6,10.07,11.26,223.7
"2026-03-09 10:52:00",9915,12.43,-5.785,94.8,8.5,11.26,256.5
"2026-03-09 10:53:00",9916,12.44,-5.799,94.8,9.64,11.7,259.9
"2026-03-09 10:54:00",9917,12.44,-5.763,94.8,11.44,12.93,189
"2026-03-09 10:55:00",9918,12.44,-5.763,94.8,9.82,13.76,207.9
"2026-03-09 10:56:00",9919,12.44,-5.76,94.8,5.892,8.23,269.8
"2026-03-09 10:57:00",9920,12.44,-5.726,94.8,7.875,10.86,257.8
"2026-03-09 10:58:00",9921,12.44,-5.72,94.7,8.99,10.9,249.5
"2026-03-09 10:59:00",9922,12.44,-5.712,94.7,11.21,12.56,263.9
"2026-03-09 11:00:00",9923,12.44,-5.734,94.8,11.02,13.76,252.4
"2026-03-09 11:01:00",9924,12.44,-5.76,94.8,11.66,12.5,240.3
"2026-03-09 11:02:00",9925,12.44,-5.797,94.9,6.522,8.36,253.1
"2026-03-09 11:03:00",9926,12.44,-5.788,95,10.73,15.29,197.4
"2026-03-09 11:04:00",9927,12.44,-5.795,95,7.711,9.96,251.7
"2026-03-09 11:05:00",9928,12.44,-5.84,95.1,8.82,10.56,230.3
"2026-03-09 11:06:00",9929,12.44,-5.854,95.1,9.31,10.8,220.5
"2026-03-09 11:07:00",9930,12.44,-5.849,95.2,12.66,16.99,286.1
"2026-03-09 11:08:00",9931,12.44,-5.792,95.1,4.04,10.06,299.2
"2026-03-09 11:09:00",9932,12.44,-5.742,95.2,1.08,2.866,283.1
"2026-03-09 11:10:00",9933,12.45,-5.695,95.1,3.138,5.664,215.3
"2026-03-09 11:11:00",9934,12.45,-5.712,95,6.309,8.9,234.9
"2026-03-09 11:12:00",9935,12.44,-5.718,94.9,8.36,11.86,242.5
"2026-03-09 11:13:00",9936,12.44,-5.707,94.8,12.82,16.69,262.8
"2026-03-09 11:14:00",9937,12.45,-5.704,94.7,6.128,9.16,285.8
"2026-03-09 11:15:00",9938,12.45,-5.645,94.5,8.11,9.33,230
"2026-03-09 11:16:00",9939,12.45,-5.639,94.4,9.19,9.93,224.8
"2026-03-09 11:17:00",9940,12.45,-5.656,94.3,11.35,14.09,252.2
"2026-03-09 11:18:00",9941,12.45,-5.665,94.3,12.74,15.49,261.3
"2026-03-09 11:19:00",9942,12.45,-5.634,94.3,10.72,15.49,261
"2026-03-09 11:20:00",9943,12.45,-5.674,94.2,9.25,11.56,243.5
"2026-03-09 11:21:00",9944,12.45,-5.675,94.3,10.77,11.93,234.9
"2026-03-09 11:22:00",9945,12.45,-5.706,94.4,9.35,12.33,274.4
"2026-03-09 11:23:00",9946,12.45,-5.689,94.3,8.59,13.39,244.5
"2026-03-09 11:24:00",9947,12.45,-5.66,94.3,8.27,9.86,248.2
"2026-03-09 11:25:00",9948,12.45,-5.668,94.3,8.93,10.2,235.2
"2026-03-09 11:26:00",9949,12.45,-5.694,94.4,11.6,13.36,175.2
"2026-03-09 11:27:00",9950,12.45,-5.694,94.4,8.01,10.5,228.6
"2026-03-09 11:28:00",9951,12.45,-5.658,94.4,7.144,9.66,194
"2026-03-09 11:29:00",9952,12.46,-5.669,94.4,6.7,10.16,242.6
"2026-03-09 11:30:00",9953,12.46,-5.692,94.5,9.28,11.3,245.5
"2026-03-09 11:31:00",9954,12.46,-5.706,94.6,9.64,11.26,262.9
"2026-03-09 11:32:00",9955,12.46,-5.723,94.6,9.83,14.59,239.2
"2026-03-09 11:33:00",9956,12.45,-5.695,94.6,10.54,13.96,190.3
"2026-03-09 11:34:00",9957,12.46,-5.678,94.6,6.758,9.2,236.3
"2026-03-09 11:35:00",9958,12.46,-5.681,94.7,8.29,11.8,274.5
"2026-03-09 11:36:00",9959,12.46,-5.698,94.6,11.04,12.96,228.1
"2026-03-09 11:37:00",9960,12.46,-5.718,94.8,12.13,13.76,270.5
"2026-03-09 11:38:00",9961,12.46,-5.695,94.6,9.69,12.03,253.4
"2026-03-09 11:39:00",9962,12.46,-5.652,94.6,11.3,12.33,244.9
"2026-03-09 11:40:00",9963,12.46,-5.664,94.5,11.73,12.99,244.1
"2026-03-09 11:41:00",9964,12.46,-5.698,94.5,9.45,11.36,243
"2026-03-09 11:42:00",9965,12.46,-5.7,94.7,10.31,14.06,238.2
"2026-03-09 11:43:00",9966,12.46,-5.714,94.6,10.88,11.9,249.1
"2026-03-09 11:44:00",9967,12.46,-5.712,94.7,12.24,13.36,225.5
"2026-03-09 11:45:00",9968,12.46,-5.732,94.8,12.46,14.66,278.7
"2026-03-09 11:46:00",9969,12.46,-5.72,94.7,8.79,13.93,243.8
"2026-03-09 11:47:00",9970,12.46,-5.689,94.7,9.49,11.53,243.2
"2026-03-09 11:48:00",9971,12.46,-5.681,94.5,9.68,12.93,221.2
"2026-03-09 11:49:00",9972,12.46,-5.686,94.5,10.38,11.86,260.1
"2026-03-09 11:50:00",9973,12.46,-5.675,94.4,9.37,11.3,249.6
"2026-03-09 11:51:00",9974,12.46,-5.692,94.5,11.05,12.36,259.9
"2026-03-09 11:52:00",9975,12.46,-5.706,94.6,10.06,12.46,272.4
"2026-03-09 11:53:00",9976,12.46,-5.698,94.6,10.38,12.66,221.7
"2026-03-09 11:54:00",9977,12.46,-5.729,94.6,13.56,17.43,177.1
"2026-03-09 11:55:00",9978,12.46,-5.746,94.6,10.32,12.13,271.8
"2026-03-09 11:56:00",9979,12.46,-5.752,94.6,9.8,12,242.1
"2026-03-09 11:57:00",9980,12.46,-5.723,94.5,8.63,10.33,244.7
"2026-03-09 11:58:00",9981,12.46,-5.72,94.6,9.95,11.96,244.6
"2026-03-09 11:59:00",9982,12.46,-5.746,94.5,12.46,13.83,252.7
"2026-03-09 12:00:00",9983,12.46,-5.749,94.6,11.44,13.29,258.1
"2026-03-09 12:01:00",9984,12.46,-5.746,94.5,11.05,13.06,224.4
"2026-03-09 12:02:00",9985,12.46,-5.757,94.5,13.18,16.23,282.8
"2026-03-09 12:03:00",9986,12.47,-5.72,94.5,9.15,11.03,222.7
"2026-03-09 12:04:00",9987,12.46,-5.692,94.5,10.49,12.66,223.2
"2026-03-09 12:05:00",9988,12.46,-5.718,94.5,9.02,12.1,244.6
"2026-03-09 12:06:00",9989,12.47,-5.72,94.4,9.29,12.03,232.2
"2026-03-09 12:07:00",9990,12.47,-5.777,94.5,8.28,10.06,268.6
"2026-03-09 12:08:00",9991,12.47,-5.746,94.4,8.77,11,258.8
"2026-03-09 12:09:00",9992,12.47,-5.76,94.4,9.09,10.3,212.8
"2026-03-09 12:10:00",9993,12.47,-5.76,94.6,8.43,9.43,249
"2026-03-09 12:11:00",9994,12.47,-5.76,94.5,9.73,10.93,228.8
"2026-03-09 12:12:00",9995,12.47,-5.771,94.6,8.71,10.03,242.3
"2026-03-09 12:13:00",9996,12.47,-5.794,94.6,9.82,10.76,245.8
"2026-03-09 12:14:00",9997,12.47,-5.8,94.7,9.18,10.73,233.6
"2026-03-09 12:15:00",9998,12.46,-5.777,94.6,11.04,13.93,213.6
"2026-03-09 12:16:00",9999,12.47,-5.754,94.5,9.94,13.19,182.7
"2026-03-09 12:17:00",10000,12.47,-5.726,94.5,6.822,11.26,184.1
"2026-03-09 12:18:00",10001,12.47,-5.732,94.3,7.797,10.36,216.9
"2026-03-09 12:19:00",10002,12.47,-5.726,94.4,10.01,11.56,230.4
"2026-03-09 12:20:00",10003,12.47,-5.74,94.5,11.88,15.06,299.8
"2026-03-09 12:21:00",10004,12.47,-5.729,94.5,9.21,13.93,232.2
"2026-03-09 12:22:00",10005,12.47,-5.72,94.4,7.047,9.9,224.5
"2026-03-09 12:23:00",10006,12.47,-5.726,94.4,9.9,11.96,211.8
"2026-03-09 12:24:00",10007,12.47,-5.754,94.5,8.8,10.43,228.1
"2026-03-09 12:25:00",10008,12.47,-5.769,94.6,9.92,11.03,244.3
"2026-03-09 12:26:00",10009,12.47,-5.786,94.6,10.68,12.53,220.4
"2026-03-09 12:27:00",10010,12.47,-5.783,94.8,10.24,12.4,257
"2026-03-09 12:28:00",10011,12.47,-5.769,94.8,10.17,11.46,241.1
"2026-03-09 12:29:00",10012,12.47,-5.763,94.8,8.3,9.73,251.7
"2026-03-09 12:30:00",10013,12.47,-5.752,94.8,10.93,14.19,208.8
"2026-03-09 12:31:00",10014,12.47,-5.735,94.8,9.8,11.36,238.1
"2026-03-09 12:32:00",10015,12.47,-5.743,94.8,9.7,10.96,243.3
"2026-03-09 12:33:00",10016,12.47,-5.771,94.9,9.05,9.8,236.9
"2026-03-09 12:34:00",10017,12.47,-5.777,95.1,9.59,10.5,247.1
"2026-03-09 12:35:00",10018,12.47,-5.791,95.1,11.38,16.56,274.2
"2026-03-09 12:36:00",10019,12.47,-5.783,95.1,11.5,12.89,240.5
"2026-03-09 12:37:00",10020,12.46,-5.814,95.1,13.53,19.09,231.3
"2026-03-09 12:38:00",10021,12.47,-5.805,94.9,12.35,16.39,228.1
"2026-03-09 12:39:00",10022,12.47,-5.769,94.9,9.9,11.86,233.9
"2026-03-09 12:40:00",10023,12.47,-5.783,94.8,11.83,12.93,237.6
"2026-03-09 12:41:00",10024,12.47,-5.797,94.7,12.89,14.43,236.9
"2026-03-09 12:42:00",10025,12.47,-5.817,94.7,12.93,14.46,241.5
"2026-03-09 12:43:00",10026,12.47,-5.834,94.6,11.33,12.96,232.7
"2026-03-09 12:44:00",10027,12.47,-5.834,94.6,12.32,13.99,239.3
"2026-03-09 12:45:00",10028,12.47,-5.825,94.6,12.02,13.23,235.2
"2026-03-09 12:46:00",10029,12.47,-5.839,94.6,12.22,13.49,236.9
"2026-03-09 12:47:00",10030,12.47,-5.845,94.6,13.08,15.29,218.2
"2026-03-09 12:48:00",10031,12.47,-5.854,94.7,12.53,14.66,236.5
"2026-03-09 12:49:00",10032,12.47,-5.848,94.7,11.95,14.26,232.3
"2026-03-09 12:50:00",10033,12.47,-5.876,94.8,12.1,13.59,248.3
"2026-03-09 12:51:00",10034,12.46,-5.845,94.8,12.25,13.06,231.5
"2026-03-09 12:52:00",10035,12.47,-5.854,95,13.01,13.96,237.2
"2026-03-09 12:53:00",10036,12.47,-5.859,95,11.46,12.06,233.4
"2026-03-09 12:54:00",10037,12.47,-5.868,95,12.39,14.29,231.5
"2026-03-09 12:55:00",10038,12.47,-5.854,95.1,11.08,13.43,243.5
"2026-03-09 12:56:00",10039,12.47,-5.859,95,12.34,13.63,237.7
"2026-03-09 12:57:00",10040,12.47,-5.848,95.1,12.61,13.26,243.5
"2026-03-09 12:58:00",10041,12.47,-5.851,95,12.13,13.56,233.9
"2026-03-09 12:59:00",10042,12.47,-5.871,95.1,11.87,13.36,234
"2026-03-09 13:00:00",10043,12.47,-5.876,95.1,13.11,14.69,239.1
"2026-03-09 13:01:00",10044,12.47,-5.871,95.1,11.75,12.73,245.4
"2026-03-09 13:02:00",10045,12.47,-5.899,95.1,12.75,15.06,236
"2026-03-09 13:03:00",10046,12.47,-5.865,95.1,11.83,14.39,231.1
"2026-03-09 13:04:00",10047,12.47,-5.859,95,12.74,14.26,239.4
"2026-03-09 13:05:00",10048,12.47,-5.876,95.1,12.86,14.13,236.6
"2026-03-09 13:06:00",10049,12.47,-5.899,95.2,12.39,13.39,256.2
"2026-03-09 13:07:00",10050,12.47,-5.899,95.1,11.91,14.69,254.4
"2026-03-09 13:08:00",10051,12.47,-5.885,95.1,12.77,13.73,238.6
"2026-03-09 13:09:00",10052,12.47,-5.882,95,12.84,14.79,248.6
"2026-03-09 13:10:00",10053,12.47,-5.899,95,12.71,14.89,260
"2026-03-09 13:11:00",10054,12.47,-5.899,94.9,12.04,13.26,245.7
"2026-03-09 13:12:00",10055,12.47,-5.899,94.9,12.52,14.19,236
"2026-03-09 13:13:00",10056,12.47,-5.927,94.9,12.14,14.46,240.7
"2026-03-09 13:14:00",10057,12.47,-5.924,94.8,11.45,12.79,244.1
"2026-03-09 13:15:00",10058,12.47,-5.919,95,12.87,15.86,243.2
"2026-03-09 13:16:00",10059,12.47,-5.913,95,11.63,13.06,238.9
"2026-03-09 13:17:00",10060,12.47,-5.944,94.8,11.75,12.73,262.9
"2026-03-09 13:18:00",10061,12.47,-5.944,94.8,11.55,12.56,247
"2026-03-09 13:19:00",10062,12.47,-5.913,94.8,11.34,12.76,242.5
"2026-03-09 13:20:00",10063,12.47,-5.905,94.7,11.63,12.59,241.3
"2026-03-09 13:21:00",10064,12.47,-5.893,94.8,11.27,12.56,236.4
"2026-03-09 13:22:00",10065,12.47,-5.913,94.8,10.58,11.73,244.6
"2026-03-09 13:23:00",10066,12.47,-5.933,94.9,11.18,12.36,238.6
"2026-03-09 13:24:00",10067,12.47,-5.958,94.8,11.83,12.66,250.6
"2026-03-09 13:25:00",10068,12.47,-5.981,94.8,12.57,14.96,252
"2026-03-09 13:26:00",10069,12.47,-5.958,94.6,11.32,12.79,243.7
"2026-03-09 13:27:00",10070,12.47,-5.961,94.7,11.93,12.76,232.5
"2026-03-09 13:28:00",10071,12.47,-5.956,94.7,12.33,14.53,257.4
"2026-03-09 13:29:00",10072,12.47,-5.967,94.6,12.4,13.56,246.1
"2026-03-09 13:30:00",10073,12.47,-5.958,94.5,12.08,13.69,236.8
"2026-03-09 13:31:00",10074,12.47,-5.992,94.5,11.85,12.96,239.1
"2026-03-09 13:32:00",10075,12.47,-5.984,94.5,11.96,13.79,237.8
"2026-03-09 13:33:00",10076,12.47,-6.001,94.4,11.39,12.66,246.7
"2026-03-09 13:34:00",10077,12.47,-5.967,94.3,10.95,12.89,245.2
"2026-03-09 13:35:00",10078,12.47,-5.961,94.5,11.31,12.56,225.5
"2026-03-09 13:36:00",10079,12.47,-5.981,94.5,9.82,11.3,236.9
"2026-03-09 13:37:00",10080,12.47,-5.975,94.6,10.74,12.66,241.6
"2026-03-09 13:38:00",10081,12.47,-5.97,94.6,10.62,11.8,240.2
"2026-03-09 13:39:00",10082,12.47,-6.007,94.6,11.93,13.19,241.1
"2026-03-09 13:40:00",10083,12.47,-5.978,94.6,11.57,12.96,241.2
"2026-03-09 13:41:00",10084,12.47,-5.99,94.6,11.59,12.43,251.6
"2026-03-09 13:42:00",10085,12.47,-6.012,94.7,11.44,12.96,237.4
"2026-03-09 13:43:00",10086,12.47,-6.009,94.8,12.13,12.99,234.6
"2026-03-09 13:44:00",10087,12.47,-6.007,94.7,11.28,12.26,242.5
"2026-03-09 13:45:00",10088,12.47,-6.043,94.8,11.12,12.3,229.8
"2026-03-09 13:46:00",10089,12.47,-6.052,94.8,10.38,11.1,231.8
"2026-03-09 13:47:00",10090,12.47,-6.06,94.9,10.83,11.76,240.6
"2026-03-09 13:48:00",10091,12.47,-6.066,95,9.73,10.83,238.2
"2026-03-09 13:49:00",10092,12.47,-6.058,94.9,10.17,11,240.6
"2026-03-09 13:50:00",10093,12.47,-6.063,95,10.25,11.96,236.6
"2026-03-09 13:51:00",10094,12.47,-6.075,95,10.53,12.2,236.1
"2026-03-09 13:52:00",10095,12.47,-6.094,95,10.85,12.83,247.6
"2026-03-09 13:53:00",10096,12.47,-6.08,95,10.44,11.86,240.7
"2026-03-09 13:54:00",10097,12.47,-6.08,95,9.94,10.93,229
"2026-03-09 13:55:00",10098,12.47,-6.075,95,11.29,12.16,230
"2026-03-09 13:56:00",10099,12.47,-6.086,95.1,10.7,11.8,229.2
"2026-03-09 13:57:00",10100,12.47,-6.1,95,11.9,13.36,214.7
"2026-03-09 13:58:00",10101,12.47,-6.077,94.9,8.43,10.56,218.6
"2026-03-09 13:59:00",10102,12.47,-6.092,95,9.76,10.6,218.9
"2026-03-09 14:00:00",10103,12.47,-6.094,95,9.98,11.33,239.3
"2026-03-09 14:01:00",10104,12.47,-6.094,94.9,9.02,10.13,224.3
"2026-03-09 14:02:00",10105,12.47,-6.097,94.9,9.31,10.9,236.1
"2026-03-09 14:03:00",10106,12.47,-6.075,94.9,10.12,11.13,227.5
"2026-03-09 14:04:00",10107,12.47,-6.111,94.8,9.94,11.2,238.9
"2026-03-09 14:05:00",10108,12.47,-6.08,94.9,10.97,13.59,257.9
"2026-03-09 14:06:00",10109,12.47,-6.083,94.6,9.91,11.83,264.9
"2026-03-09 14:07:00",10110,12.47,-6.052,94.6,13.4,18.06,222.4
"2026-03-09 14:08:00",10111,12.48,-6.032,94.6,9.27,11.03,224.6
"2026-03-09 14:09:00",10112,12.47,-6.066,94.7,9.75,11.2,211
"2026-03-09 14:10:00",10113,12.47,-6.097,94.8,10.13,11.93,235.3
"2026-03-09 14:11:00",10114,12.47,-6.109,94.6,9.85,11.26,230
"2026-03-09 14:12:00",10115,12.47,-6.103,94.7,8.77,10.33,251.7
"2026-03-09 14:13:00",10116,12.48,-6.103,94.6,9.92,11.33,236.2
"2026-03-09 14:14:00",10117,12.47,-6.066,94.7,11.38,14.23,227.9
"2026-03-09 14:15:00",10118,12.47,-6.106,94.5,7.764,10.53,211.3
"2026-03-09 14:16:00",10119,12.48,-6.126,94.5,8.22,10.53,207
"2026-03-09 14:17:00",10120,12.48,-6.134,94.3,10.79,12.96,213.4
"2026-03-09 14:18:00",10121,12.48,-6.111,94.4,11.24,12.33,232
"2026-03-09 14:19:00",10122,12.47,-6.154,94.3,11.57,12.96,230.8
"2026-03-09 14:20:00",10123,12.47,-6.174,94.2,9.01,10.2,237.7
"2026-03-09 14:21:00",10124,12.47,-6.205,94.2,10.17,11.8,207.8
"2026-03-09 14:22:00",10125,12.47,-6.211,94.3,9.52,11.9,249.2
"2026-03-09 14:23:00",10126,12.47,-6.194,94.1,8,10.9,222.2
"2026-03-09 14:24:00",10127,12.47,-6.177,94.1,8.99,12.83,215.1
"2026-03-09 14:25:00",10128,12.48,-6.157,94,9.55,13.29,213.8
"2026-03-09 14:26:00",10129,12.47,-6.165,93.7,12.6,14.83,188.9
"2026-03-09 14:27:00",10130,12.48,-6.134,93.8,6.386,9.3,178.8
"2026-03-09 14:28:00",10131,12.47,-6.126,93.8,9.79,10.96,253.9
"2026-03-09 14:29:00",10132,12.47,-6.14,93.9,8.56,9.43,228
"2026-03-09 14:30:00",10133,12.48,-6.194,93.9,9.42,10.13,225.2
"2026-03-09 14:31:00",10134,12.47,-6.208,93.8,9.46,10.7,228.9
"2026-03-09 14:32:00",10135,12.48,-6.205,93.8,8.7,10.03,235.7
"2026-03-09 14:33:00",10136,12.48,-6.216,93.9,10.82,11.9,228
"2026-03-09 14:34:00",10137,12.48,-6.194,93.9,11.52,12.83,218.1
"2026-03-09 14:35:00",10138,12.48,-6.179,93.8,8.84,12.23,253.9
"2026-03-09 14:36:00",10139,12.48,-6.182,93.9,8.26,10.63,235.7
"2026-03-09 14:37:00",10140,12.48,-6.225,93.9,8.79,9.56,234.5
"2026-03-09 14:38:00",10141,12.47,-6.23,94.1,9.13,10.4,250.2
"2026-03-09 14:39:00",10142,12.47,-6.208,94,10.17,11.6,238.5
"2026-03-09 14:40:00",10143,12.48,-6.236,94,9.09,10.03,241.7
"2026-03-09 14:41:00",10144,12.48,-6.247,94,8.98,10.03,226.1
"2026-03-09 14:42:00",10145,12.48,-6.293,94,10.43,11.16,238.2
"2026-03-09 14:43:00",10146,12.48,-6.301,94.2,9.51,10.3,235
"2026-03-09 14:44:00",10147,12.48,-6.287,94.2,8.69,9.7,234.6
"2026-03-09 14:45:00",10148,12.47,-6.313,94.3,9.27,10.13,243.5
"2026-03-09 14:46:00",10149,12.48,-6.324,94.2,10.52,11.6,232.7
"2026-03-09 14:47:00",10150,12.47,-6.338,94.4,10.11,11.2,243.2
"2026-03-09 14:48:00",10151,12.48,-6.355,94.3,10.06,11.5,225.9
"2026-03-09 14:49:00",10152,12.48,-6.324,94.5,11.26,12.33,236.2
"2026-03-09 14:50:00",10153,12.47,-6.33,94.5,10.68,12.63,250
"2026-03-09 14:51:00",10154,12.48,-6.293,94.6,9.28,10.6,242.8
"2026-03-09 14:52:00",10155,12.47,-6.267,94.5,9.5,12.2,248.9
"2026-03-09 14:53:00",10156,12.48,-6.242,94.5,9.39,11.63,245.3
"2026-03-09 14:54:00",10157,12.48,-6.23,94.4,8.53,10.5,232.9
"2026-03-09 14:55:00",10158,12.48,-6.236,94.4,9.84,11.16,257.3
"2026-03-09 14:56:00",10159,12.48,-6.242,94.4,10.66,11.7,259.7
"2026-03-09 14:57:00",10160,12.48,-6.225,94.5,9.37,10.13,239.9
"2026-03-09 14:58:00",10161,12.48,-6.279,94.6,8.98,10.43,239.3
"2026-03-09 14:59:00",10162,12.47,-6.307,94.8,9.94,10.9,235
"2026-03-09 15:00:00",10163,12.48,-6.315,95,10.67,12.59,257.2
"2026-03-09 15:01:00",10164,12.48,-6.321,95,10.43,11.96,259
"2026-03-09 15:02:00",10165,12.48,-6.276,95.2,9.57,10.4,239.4
"2026-03-09 15:03:00",10166,12.48,-6.293,95.1,8.99,9.6,229.8
"2026-03-09 15:04:00",10167,12.48,-6.307,95.1,9.11,10,241
"2026-03-09 15:05:00",10168,12.48,-6.321,95.2,9.21,10,229.5
"2026-03-09 15:06:00",10169,12.48,-6.355,95.3,8.5,11.03,259.6
"2026-03-09 15:07:00",10170,12.47,-6.313,95.3,9.87,11.13,246.1
"2026-03-09 15:08:00",10171,12.47,-6.273,95.2,9.45,11.2,237.8
"2026-03-09 15:09:00",10172,12.48,-6.267,95.2,9.11,11.13,267.5
"2026-03-09 15:10:00",10173,12.48,-6.264,95.1,8.89,10.23,232.6
"2026-03-09 15:11:00",10174,12.48,-6.267,95.2,9.42,10.33,230.8
"2026-03-09 15:12:00",10175,12.48,-6.279,95.2,9.7,11.23,231
"2026-03-09 15:13:00",10176,12.48,-6.284,95.2,10.45,12,227.5
"2026-03-09 15:14:00",10177,12.47,-6.313,95.2,10.59,11.63,229.2
"2026-03-09 15:15:00",10178,12.48,-6.324,95.2,10.79,11.63,224
"2026-03-09 15:16:00",10179,12.48,-6.31,95.4,10.67,11.7,225.5
"2026-03-09 15:17:00",10180,12.48,-6.315,95.4,10.37,13.59,227.8
"2026-03-09 15:18:00",10181,12.48,-6.298,95.3,9.59,10.56,224.4
"2026-03-09 15:19:00",10182,12.48,-6.304,95.4,10.34,12.03,228.8
"2026-03-09 15:20:00",10183,12.47,-6.31,95.4,11.27,13.39,239.5
"2026-03-09 15:21:00",10184,12.48,-6.27,95.5,11.26,13.03,239.8
"2026-03-09 15:22:00",10185,12.47,-6.281,95.4,9.95,10.5,240.3
"2026-03-09 15:23:00",10186,12.48,-6.267,95.4,11,13.99,225.4
"2026-03-09 15:24:00",10187,12.48,-6.29,95.4,10,13.59,228.4
"2026-03-09 15:25:00",10188,12.48,-6.239,95.5,9.67,11,230.6
"2026-03-09 15:26:00",10189,12.48,-6.162,95.5,11.03,12.16,234.6
"2026-03-09 15:27:00",10190,12.47,-6.117,95.6,11.82,14.06,206.8
"2026-03-09 15:28:00",10191,12.47,-6.103,95.5,10.16,11.4,215.1
"2026-03-09 15:29:00",10192,12.48,-6.032,95.6,10.07,12.63,213.7
"2026-03-09 15:30:00",10193,12.48,-5.992,95.7,10.73,13.79,232
"2026-03-09 15:31:00",10194,12.47,-5.944,95.7,10.99,11.93,231.9
"2026-03-09 15:32:00",10195,12.48,-5.871,95.8,11,11.86,234.5
"2026-03-09 15:33:00",10196,12.48,-5.851,95.8,11.75,13.26,227
"2026-03-09 15:34:00",10197,12.48,-5.814,95.8,12.24,13.39,230.7
"2026-03-09 15:35:00",10198,12.48,-5.839,95.7,13.05,14.23,222.8
"2026-03-09 15:36:00",10199,12.48,-5.862,95.6,10.92,14.19,248.2
"2026-03-09 15:37:00",10200,12.48,-5.89,95.5,12.4,13.66,238.3
"2026-03-09 15:38:00",10201,12.48,-5.885,95.6,12.23,13.03,241.7
"2026-03-09 15:39:00",10202,12.48,-5.905,95.6,12.8,15.03,233.6
"2026-03-09 15:40:00",10203,12.48,-5.936,95.4,12.3,13.16,247.7
"2026-03-09 15:41:00",10204,12.48,-5.987,95.3,13.12,14.83,247.3
"2026-03-09 15:42:00",10205,12.48,-6.046,95.3,13.49,14.69,239.3
"2026-03-09 15:43:00",10206,12.48,-6.04,95.3,13.14,14.69,238.4
"2026-03-09 15:44:00",10207,12.48,-6.08,95.3,14.37,15.43,235.3
"2026-03-09 15:45:00",10208,12.47,-6.083,95.4,14.12,16.29,239.1
"2026-03-09 15:46:00",10209,12.48,-6.091,95.3,13.44,15.23,240.9
"2026-03-09 15:47:00",10210,12.48,-6.14,95.2,12.21,13.59,224.3
"2026-03-09 15:48:00",10211,12.48,-6.165,95.2,12.28,13.46,232.6
"2026-03-09 15:49:00",10212,12.48,-6.179,95.3,12.04,13.09,231.2
"2026-03-09 15:50:00",10213,12.48,-6.185,95.3,12.44,13.99,228.9
"2026-03-09 15:51:00",10214,12.48,-6.179,95.2,13.08,14.56,236
"2026-03-09 15:52:00",10215,12.48,-6.213,95.1,13.47,14.66,226.9
"2026-03-09 15:53:00",10216,12.48,-6.25,95.2,12.24,13.33,233.8
"2026-03-09 15:54:00",10217,12.48,-6.23,95.3,11.79,12.73,228.1
"2026-03-09 15:55:00",10218,12.48,-6.247,95.2,10.56,12.43,238.3
"2026-03-09 15:56:00",10219,12.48,-6.261,95.2,10.3,11.46,229.5
"2026-03-09 15:57:00",10220,12.47,-6.29,95.2,11.59,13.76,228.8
"2026-03-09 15:58:00",10221,12.48,-6.27,95.1,10.58,12.46,226.6
"2026-03-09 15:59:00",10222,12.48,-6.284,95.2,10.97,12.06,235.3
"2026-03-09 16:00:00",10223,12.48,-6.298,95.1,12.19,13.53,237.1
"2026-03-09 16:01:00",10224,12.48,-6.298,95.3,10.49,12.76,234.7
"2026-03-09 16:02:00",10225,12.48,-6.312,95.2,12,12.89,248.9
"2026-03-09 16:03:00",10226,12.48,-6.315,95.1,12.15,14.06,229.7
"2026-03-09 16:04:00",10227,12.48,-6.327,95.1,10.9,12.76,253.8
"2026-03-09 16:05:00",10228,12.48,-6.318,95.2,9.68,10.63,249.4
"2026-03-09 16:06:00",10229,12.48,-6.321,95.1,10.21,10.93,234.9
"2026-03-09 16:07:00",10230,12.48,-6.352,95.2,10.26,11.26,247
"2026-03-09 16:08:00",10231,12.48,-6.366,95,11.71,12.76,235.3
"2026-03-09 16:09:00",10232,12.48,-6.405,95,11.45,12.76,231.7
"2026-03-09 16:10:00",10233,12.48,-6.454,94.9,11.44,13.16,243
"2026-03-09 16:11:00",10234,12.48,-6.468,94.9,11.15,15.59,241.9
"2026-03-09 16:12:00",10235,12.48,-6.474,94.8,11.26,13.73,245.5
"2026-03-09 16:13:00",10236,12.48,-6.514,94.8,11.06,12.13,240.1
"2026-03-09 16:14:00",10237,12.48,-6.545,94.8,10.14,11.9,250.9
"2026-03-09 16:15:00",10238,12.48,-6.61,94.6,10.63,11.96,248.3
"2026-03-09 16:16:00",10239,12.48,-6.621,94.7,11.12,12.56,246.5
"2026-03-09 16:17:00",10240,12.48,-6.601,94.8,11.23,12.69,256.7
"2026-03-09 16:18:00",10241,12.48,-6.562,94.7,10.21,12.43,247.3
"2026-03-09 16:19:00",10242,12.48,-6.556,94.8,9.93,11.53,263.7
"2026-03-09 16:20:00",10243,12.48,-6.579,94.7,10.1,11.7,241.2
"2026-03-09 16:21:00",10244,12.48,-6.607,94.6,9.01,10.4,249.1
"2026-03-09 16:22:00",10245,12.48,-6.624,94.6,9.39,10.3,245.7
"2026-03-09 16:23:00",10246,12.48,-6.621,94.7,9.63,10.73,251.4
"2026-03-09 16:24:00",10247,12.48,-6.604,94.6,9.29,10.36,255.4
"2026-03-09 16:25:00",10248,12.48,-6.613,94.6,10.5,13.46,261.9
"2026-03-09 16:26:00",10249,12.48,-6.584,94.5,10.62,12.36,251.5
"2026-03-09 16:27:00",10250,12.48,-6.545,94.5,9.43,11.26,264.3
"2026-03-09 16:28:00",10251,12.48,-6.604,94.3,8.76,10.33,248.3
"2026-03-09 16:29:00",10252,12.48,-6.604,94.2,9.45,11,244.8
"2026-03-09 16:30:00",10253,12.48,-6.626,94,10.63,12.3,266.8
"2026-03-09 16:31:00",10254,12.48,-6.584,93.9,9.55,12.33,263.9
"2026-03-09 16:32:00",10255,12.48,-6.558,93.8,8.96,10.06,257.8
"2026-03-09 16:33:00",10256,12.48,-6.563,93.6,8.89,9.73,254.9
"2026-03-09 16:34:00",10257,12.48,-6.555,93.5,8.59,9.6,248.3
"2026-03-09 16:35:00",10258,12.48,-6.541,93.5,9.57,10.2,245.1
"2026-03-09 16:36:00",10259,12.48,-6.535,93.5,9.07,10.23,254.9
"2026-03-09 16:37:00",10260,12.48,-6.51,93.4,12.5,13.73,266.6
"2026-03-09 16:38:00",10261,12.48,-6.473,93.2,9.74,12.46,265.1
"2026-03-09 16:39:00",10262,12.48,-6.467,92.7,9.52,12.79,263.4
"2026-03-09 16:40:00",10263,12.48,-6.428,92.4,10.62,11.76,239.6
"2026-03-09 16:41:00",10264,12.48,-6.391,92.5,11.52,12.79,252
"2026-03-09 16:42:00",10265,12.48,-6.396,92.3,10.68,13.13,249.8
"2026-03-09 16:43:00",10266,12.48,-6.382,92.1,8.65,10.53,266.5
"2026-03-09 16:44:00",10267,12.48,-6.37,92.1,9.15,10.33,248.7
"2026-03-09 16:45:00",10268,12.48,-6.37,92.4,9.67,10.96,261.4
"2026-03-09 16:46:00",10269,12.48,-6.317,92.5,10.38,12.76,249
"2026-03-09 16:47:00",10270,12.48,-6.343,92.7,9.61,11.6,250.3
"2026-03-09 16:48:00",10271,12.48,-6.382,92.9,9.81,10.9,245.8
"2026-03-09 16:49:00",10272,12.48,-6.402,92.6,9.55,10.93,259.1
"2026-03-09 16:50:00",10273,12.48,-6.43,92.1,9.04,10.26,259.2
"2026-03-09 16:51:00",10274,12.48,-6.438,91.8,9.27,12.76,260.3
"2026-03-09 16:52:00",10275,12.48,-6.429,91.7,6.767,7.764,239.8
"2026-03-09 16:53:00",10276,12.48,-6.431,91.6,9.84,13.59,258.9
"2026-03-09 16:54:00",10277,12.48,-6.42,91,9.32,10.96,272.4
"2026-03-09 16:55:00",10278,12.48,-6.426,90.4,11.05,12.86,259
"2026-03-09 16:56:00",10279,12.48,-6.423,89.9,9.15,10.5,252.7
"2026-03-09 16:57:00",10280,12.48,-6.452,89.8,9.18,10.36,245.9
"2026-03-09 16:58:00",10281,12.48,-6.472,90.3,9.15,9.93,241.5
"2026-03-09 16:59:00",10282,12.48,-6.506,90.1,10.08,12.4,261.4
"2026-03-09 17:00:00",10283,12.48,-6.506,89.9,7.45,9.03,262.7
"2026-03-09 17:01:00",10284,12.48,-6.457,89.7,8.79,11.3,255.5
"2026-03-09 17:02:00",10285,12.48,-6.443,89.7,7.497,8.23,246
"2026-03-09 17:03:00",10286,12.48,-6.477,89.7,8.5,9.43,269.5
"2026-03-09 17:04:00",10287,12.48,-6.462,89.4,10.02,13.06,256.6
"2026-03-09 17:05:00",10288,12.48,-6.466,88.9,10.55,12.59,259.9
"2026-03-09 17:06:00",10289,12.48,-6.474,88.7,8.42,9.83,272.5
"2026-03-09 17:07:00",10290,12.48,-6.488,88.6,8.5,9.3,241.4
"2026-03-09 17:08:00",10291,12.48,-6.508,88.8,8.64,9.66,245.6
"2026-03-09 17:09:00",10292,12.48,-6.519,89.1,8.67,9.7,243.2
"2026-03-09 17:10:00",10293,12.48,-6.502,89.4,8.69,10,257.1
"2026-03-09 17:11:00",10294,12.48,-6.494,89.7,8.32,9.76,252.6
"2026-03-09 17:12:00",10295,12.48,-6.505,89.7,7.067,8.03,253.4
"2026-03-09 17:13:00",10296,12.48,-6.494,89.5,7.45,9.2,257.9
"2026-03-09 17:14:00",10297,12.48,-6.457,89.4,8.09,9.6,244.9
"2026-03-09 17:15:00",10298,12.48,-6.463,89,8.12,9.03,243.8
"2026-03-09 17:16:00",10299,12.48,-6.51,88.3,8.79,9.8,266.2
"2026-03-09 17:17:00",10300,12.48,-6.53,87.7,9.15,10.86,237.9
"2026-03-09 17:18:00",10301,12.48,-6.518,87.5,9.59,10.46,249.2
"2026-03-09 17:19:00",10302,12.48,-6.518,87.6,9.67,11.56,259.4
"2026-03-09 17:20:00",10303,12.48,-6.544,87.3,10.57,12.43,267.9
"2026-03-09 17:21:00",10304,12.48,-6.532,87.3,8.54,10.13,246
"2026-03-09 17:22:00",10305,12.48,-6.524,87.1,9.64,12.03,233.6
"2026-03-09 17:23:00",10306,12.48,-6.513,87.2,10.09,13.16,251.5
"2026-03-09 17:24:00",10307,12.48,-6.526,87.4,9.05,9.93,248.9
"2026-03-09 17:25:00",10308,12.48,-6.512,87.5,9.2,10.1,260.3
"2026-03-09 17:26:00",10309,12.48,-6.511,87.5,8.59,9.8,257.9
"2026-03-09 17:27:00",10310,12.48,-6.548,87.4,8.88,10.53,235.9
"2026-03-09 17:28:00",10311,12.48,-6.63,87.3,9.3,10.93,234.5
"2026-03-09 17:29:00",10312,12.48,-6.69,87.3,8.36,9.53,258.5
"2026-03-09 17:30:00",10313,12.48,-6.735,87.8,8.48,10.4,246.4
"2026-03-09 17:31:00",10314,12.48,-6.702,87.8,9.73,12.79,260.8
"2026-03-09 17:32:00",10315,12.48,-6.648,87.7,10.5,12.46,261.5
"2026-03-09 17:33:00",10316,12.48,-6.605,87.4,8.94,10.5,254.3
"2026-03-09 17:34:00",10317,12.48,-6.574,87.2,9.65,11.06,248.7
"2026-03-09 17:35:00",10318,12.48,-6.596,86.9,10.07,11.1,237.1
"2026-03-09 17:36:00",10319,12.48,-6.661,87.1,8.67,10.23,233.7
"2026-03-09 17:37:00",10320,12.48,-6.723,87.4,8.32,9.33,245.4
"2026-03-09 17:38:00",10321,12.48,-6.757,87.6,8.93,11.36,264.7
"2026-03-09 17:39:00",10322,12.48,-6.723,87.5,7.547,9.4,249.9
"2026-03-09 17:40:00",10323,12.48,-6.622,87.3,8.49,9.36,250.3
"2026-03-09 17:41:00",10324,12.48,-6.627,87,8.04,8.76,238.5
"2026-03-09 17:42:00",10325,12.48,-6.675,87.2,7.802,8.5,252.4
"2026-03-09 17:43:00",10326,12.48,-6.684,87.3,8.22,9.2,233.1
"2026-03-09 17:44:00",10327,12.48,-6.726,87.9,8.85,10.53,246.4
"2026-03-09 17:45:00",10328,12.48,-6.695,87.8,8.65,9.93,251.1
"2026-03-09 17:46:00",10329,12.48,-6.602,87.5,8.95,10.26,256.7
"2026-03-09 17:47:00",10330,12.48,-6.539,87,8.22,11.26,259.9
"2026-03-09 17:48:00",10331,12.48,-6.488,86.9,8.42,9.5,257.5
"2026-03-09 17:49:00",10332,12.48,-6.477,87,7.677,8.63,251.1
"2026-03-09 17:50:00",10333,12.48,-6.508,87.2,7.144,8.23,243.7
"2026-03-09 17:51:00",10334,12.48,-6.559,87.6,8.89,9.86,250.3
"2026-03-09 17:52:00",10335,12.48,-6.528,87.5,7.347,8.73,269.5
"2026-03-09 17:53:00",10336,12.48,-6.516,87.3,7.5,8.4,258.1
"2026-03-09 17:54:00",10337,12.48,-6.502,87.1,6.797,7.864,253
"2026-03-09 17:55:00",10338,12.48,-6.476,87,5.998,6.797,251.6
"2026-03-09 17:56:00",10339,12.48,-6.49,87.1,7.189,8.5,253.9
"2026-03-09 17:57:00",10340,12.48,-6.496,87.4,7.9,8.76,256.3
"2026-03-09 17:58:00",10341,12.48,-6.459,87.1,7.994,8.83,253.8
"2026-03-09 17:59:00",10342,12.48,-6.453,87.4,7.55,8.13,261.9
"2026-03-09 18:00:00",10343,12.48,-6.441,87,5.85,7.864,257.9
"2026-03-09 18:01:00",10344,12.48,-6.448,87.1,6.236,6.764,237.4
"2026-03-09 18:02:00",10345,12.48,-6.49,87.3,5.817,8.1,263
"2026-03-09 18:03:00",10346,12.48,-6.502,87,6.161,6.997,261.8
"2026-03-09 18:04:00",10347,12.48,-6.482,87,7.119,7.93,258.7
"2026-03-09 18:05:00",10348,12.48,-6.42,87.3,7.233,8.56,262.4
"2026-03-09 18:06:00",10349,12.48,-6.419,87.4,6.575,8.23,263.6
"2026-03-09 18:07:00",10350,12.48,-6.413,87.3,7.378,8.26,260.9
"2026-03-09 18:08:00",10351,12.48,-6.413,87.3,6.867,8.8,211.3
"2026-03-09 18:09:00",10352,12.48,-6.415,87.3,5.617,7.364,193.9
"2026-03-09 18:10:00",10353,12.48,-6.409,87.5,4.023,6.797,242.3
"2026-03-09 18:11:00",10354,12.48,-6.367,87,4.501,5.365,224.6
"2026-03-09 18:12:00",10355,12.48,-6.373,87.2,4.218,5.664,253.1
"2026-03-09 18:13:00",10356,12.48,-6.421,87.4,4.637,5.698,248.7
"2026-03-09 18:14:00",10357,12.48,-6.452,87.9,5.706,7.264,198
"2026-03-09 18:15:00",10358,12.48,-6.483,88.5,5.134,7.697,208.2
"2026-03-09 18:16:00",10359,12.48,-6.443,88.8,4.271,5.598,208.7
"2026-03-09 18:17:00",10360,12.48,-6.46,88.9,3.643,4.232,239.4
"2026-03-09 18:18:00",10361,12.48,-6.499,89.1,5.298,6.331,249.1
"2026-03-09 18:19:00",10362,12.48,-6.504,89.1,5.587,6.031,252.8
"2026-03-09 18:20:00",10363,12.48,-6.496,88.9,4.345,5.431,259.5
"2026-03-09 18:21:00",10364,12.48,-6.471,88.6,4.57,5.631,236.5
"2026-03-09 18:22:00",10365,12.48,-6.503,88.7,4.395,6.264,241.6
"2026-03-09 18:23:00",10366,12.48,-6.494,89.1,4.956,6.231,229.3
"2026-03-09 18:24:00",10367,12.48,-6.503,89.7,5.437,6.331,254.7
"2026-03-09 18:25:00",10368,12.48,-6.525,90.1,5.787,7.33,202.8
"2026-03-09 18:26:00",10369,12.48,-6.503,90.2,6.509,9.3,233.8
"2026-03-09 18:27:00",10370,12.48,-6.454,90.2,5.689,7.963,210.1
"2026-03-09 18:28:00",10371,12.48,-6.429,90.1,4.445,5.898,213.4
"2026-03-09 18:29:00",10372,12.48,-6.414,90.1,7.789,9.03,220.4
"2026-03-09 18:30:00",10373,12.48,-6.41,90.2,6.625,8.2,192.4
"2026-03-09 18:31:00",10374,12.48,-6.43,90.1,4.623,5.498,216.4
"2026-03-09 18:32:00",10375,12.48,-6.431,90.2,3.446,4.532,211.3
"2026-03-09 18:33:00",10376,12.48,-6.439,90,4.246,5.198,249.3
"2026-03-09 18:34:00",10377,12.48,-6.456,89.9,3.985,4.898,251.7
"2026-03-09 18:35:00",10378,12.48,-6.442,89.9,5.348,6.364,265.8
"2026-03-09 18:36:00",10379,12.48,-6.425,89.5,5.017,6.198,256.3
"2026-03-09 18:37:00",10380,12.48,-6.442,89.3,3.748,5.298,204
"2026-03-09 18:38:00",10381,12.48,-6.456,89.5,4.076,5.331,215.5
"2026-03-09 18:39:00",10382,12.48,-6.453,89.6,3.848,6.231,227.2
"2026-03-09 18:40:00",10383,12.48,-6.467,89.7,3.743,4.765,192.9
"2026-03-09 18:41:00",10384,12.48,-6.444,89.7,4.082,5.065,213.1
"2026-03-09 18:42:00",10385,12.48,-6.444,89.7,3.393,4.565,256.9
"2026-03-09 18:43:00",10386,12.48,-6.466,89.6,3.413,4.065,250.2
"2026-03-09 18:44:00",10387,12.48,-6.435,89.6,4.257,5.098,264.1
"2026-03-09 18:45:00",10388,12.48,-6.427,89.3,4.129,5.331,255
"2026-03-09 18:46:00",10389,12.48,-6.424,88.9,3.996,5.098,243
"2026-03-09 18:47:00",10390,12.48,-6.439,89,4.745,5.598,228
"2026-03-09 18:48:00",10391,12.48,-6.418,88.8,5.309,6.797,209.1
"2026-03-09 18:49:00",10392,12.48,-6.399,88.2,4.867,7.697,215.6
"2026-03-09 18:50:00",10393,12.48,-6.395,87.9,3.937,4.465,237.3
"2026-03-09 18:51:00",10394,12.48,-6.421,87.4,3.751,4.098,241.1
"2026-03-09 18:52:00",10395,12.48,-6.497,86.8,4.162,4.898,248.4
"2026-03-09 18:53:00",10396,12.48,-6.537,87.4,5.473,6.131,234.9
"2026-03-09 18:54:00",10397,12.48,-6.526,88,6.306,6.964,229.2
"2026-03-09 18:55:00",10398,12.48,-6.548,88.6,7.516,8.56,211.1
"2026-03-09 18:56:00",10399,12.48,-6.52,88.8,5.909,6.597,200.2
"2026-03-09 18:57:00",10400,12.48,-6.503,88.8,4.806,5.431,257.2
"2026-03-09 18:58:00",10401,12.48,-6.506,88.8,3.09,4.532,197.5
"2026-03-09 18:59:00",10402,12.48,-6.503,88.8,4.604,5.931,217.2
"2026-03-09 19:00:00",10403,12.48,-6.517,89.1,3.46,4.398,235.6
"2026-03-09 19:01:00",10404,12.48,-6.526,89.2,2.94,3.532,252.4
"2026-03-09 19:02:00",10405,12.48,-6.548,88.6,3.898,4.798,257.8
"2026-03-09 19:03:00",10406,12.48,-6.566,88,4.343,4.865,253
"2026-03-09 19:04:00",10407,12.48,-6.529,88.3,5.076,5.931,245.6
"2026-03-09 19:05:00",10408,12.48,-6.56,88.8,5.681,6.797,224.1
"2026-03-09 19:06:00",10409,12.48,-6.568,88.9,6.595,7.963,239.1
"2026-03-09 19:07:00",10410,12.48,-6.588,88.8,5.192,5.764,243.2
"2026-03-09 19:08:00",10411,12.48,-6.548,89,4.334,5.498,198.8
"2026-03-09 19:09:00",10412,12.48,-6.526,89.3,4.229,5.398,218.8
"2026-03-09 19:10:00",10413,12.48,-6.509,89.2,3.224,3.932,212.3
"2026-03-09 19:11:00",10414,12.48,-6.52,89,3.288,4.232,234.4
"2026-03-09 19:12:00",10415,12.48,-6.545,89,4.74,6.131,215.3
"2026-03-09 19:13:00",10416,12.48,-6.551,89.1,4.398,5.131,242.9
"2026-03-09 19:14:00",10417,12.48,-6.551,88.6,4.234,5.031,267.5
"2026-03-09 19:15:00",10418,12.48,-6.534,87.8,4.104,4.965,241.5
"2026-03-09 19:16:00",10419,12.48,-6.517,86.6,5.029,6.098,268.1
"2026-03-09 19:17:00",10420,12.48,-6.517,86,4.354,5.265,264.2
"2026-03-09 19:18:00",10421,12.48,-6.515,85.5,4.809,5.664,228.6
"2026-03-09 19:19:00",10422,12.48,-6.54,85.5,4.626,5.498,222.4
"2026-03-09 19:20:00",10423,12.48,-6.546,85.4,5.331,6.331,238.3
"2026-03-09 19:21:00",10424,12.48,-6.574,85.1,5.248,5.698,242.1
"2026-03-09 19:22:00",10425,12.48,-6.642,85.4,5.215,6.264,233.7
"2026-03-09 19:23:00",10426,12.48,-6.661,85.7,4.923,5.365,241.6
"2026-03-09 19:24:00",10427,12.48,-6.624,84.8,5.553,5.931,230.1
"2026-03-09 19:25:00",10428,12.48,-6.63,84.5,4.984,5.931,242.5
"2026-03-09 19:26:00",10429,12.48,-6.633,84.6,4.651,5.831,269.5
"2026-03-09 19:27:00",10430,12.48,-6.616,84.5,3.996,4.365,258.6
"2026-03-09 19:28:00",10431,12.48,-6.619,84.5,4.365,5.631,248.8
"2026-03-09 19:29:00",10432,12.48,-6.602,84.4,4.529,5.398,264.3
"2026-03-09 19:30:00",10433,12.48,-6.588,83.9,5.764,7.33,262
"2026-03-09 19:31:00",10434,12.48,-6.553,83.1,5.376,6.064,258.2
"2026-03-09 19:32:00",10435,12.48,-6.522,82.8,7.061,8.76,263.7
"2026-03-09 19:33:00",10436,12.48,-6.548,82.9,7.711,8.73,254.2
"2026-03-09 19:34:00",10437,12.48,-6.553,82.8,6.567,7.23,249.1
"2026-03-09 19:35:00",10438,12.47,-6.587,82.9,6.156,6.631,255.7
"2026-03-09 19:36:00",10439,12.48,-6.61,83.1,6.853,8.16,250.2
"2026-03-09 19:37:00",10440,12.48,-6.624,82.9,6.961,7.23,266.3
"2026-03-09 19:38:00",10441,12.48,-6.621,83.1,5.864,6.964,258.7
"2026-03-09 19:39:00",10442,12.48,-6.621,83,7.353,8.23,263.9
"2026-03-09 19:40:00",10443,12.48,-6.624,82.6,7.414,8.33,258
"2026-03-09 19:41:00",10444,12.48,-6.596,83.4,6.817,8.33,254.8
"2026-03-09 19:42:00",10445,12.48,-6.601,83.8,6.475,6.997,259.3
"2026-03-09 19:43:00",10446,12.48,-6.641,83.9,5.542,6.364,254.4
"2026-03-09 19:44:00",10447,12.47,-6.65,83.5,5.439,5.998,262.4
"2026-03-09 19:45:00",10448,12.48,-6.659,82.9,6.006,6.697,258.6
"2026-03-09 19:46:00",10449,12.48,-6.724,82.6,4.298,4.998,261
"2026-03-09 19:47:00",10450,12.48,-6.826,82.9,4.348,5.298,276.6
"2026-03-09 19:48:00",10451,12.48,-6.828,83.9,6.656,8.13,260.7
"2026-03-09 19:49:00",10452,12.48,-6.803,84.4,5.095,6.131,260.2
"2026-03-09 19:50:00",10453,12.48,-6.8,84.8,5.998,7.597,249.4
"2026-03-09 19:51:00",10454,12.48,-6.755,84.4,6.656,7.497,255.7
"2026-03-09 19:52:00",10455,12.48,-6.732,84.2,6.02,7.097,257.6
"2026-03-09 19:53:00",10456,12.48,-6.746,83.6,6.869,7.564,259.6
"2026-03-09 19:54:00",10457,12.47,-6.706,82.3,8.76,9.7,257.3
"2026-03-09 19:55:00",10458,12.48,-6.647,82.6,8.04,9.2,255.6
"2026-03-09 19:56:00",10459,12.48,-6.627,83,8.82,9.5,253.9
"2026-03-09 19:57:00",10460,12.48,-6.576,82.9,6.981,8.06,244.8
"2026-03-09 19:58:00",10461,12.48,-6.565,83.2,6.811,7.23,250.8
"2026-03-09 19:59:00",10462,12.48,-6.593,83.6,6.514,7.53,249.1
"2026-03-09 20:00:00",10463,12.48,-6.63,84,5.423,6.164,247.6
"2026-03-09 20:01:00",10464,12.48,-6.678,84.3,4.995,5.731,251.3
"2026-03-09 20:02:00",10465,12.47,-6.738,84.9,5.603,6.031,247.3
"2026-03-09 20:03:00",10466,12.48,-6.774,84.9,5.153,5.731,249.3
"2026-03-09 20:04:00",10467,12.48,-6.842,85,5.453,5.998,252.8
"2026-03-09 20:05:00",10468,12.48,-6.908,85.5,7.125,8.23,251.9
"2026-03-09 20:06:00",10469,12.48,-6.817,85.6,7.447,8.53,254.5
"2026-03-09 20:07:00",10470,12.48,-6.755,85.5,6.853,7.33,249
"2026-03-09 20:08:00",10471,12.48,-6.74,85.8,7.094,7.797,243.8
"2026-03-09 20:09:00",10472,12.48,-6.78,85.3,7.2,8.03,259.1
"2026-03-09 20:10:00",10473,12.48,-6.823,84.1,7.944,9.03,258.5
"2026-03-09 20:11:00",10474,12.48,-6.769,83.4,8.5,9,265.5
"2026-03-09 20:12:00",10475,12.48,-6.76,83,7.855,8.76,263.3
"2026-03-09 20:13:00",10476,12.48,-6.769,82.5,8.27,8.96,262.1
"2026-03-09 20:14:00",10477,12.48,-6.749,82.7,8.54,9.1,264.1
"2026-03-09 20:15:00",10478,12.48,-6.712,82.2,8.06,9.1,255.1
"2026-03-09 20:16:00",10479,12.47,-6.732,82.3,8,9.1,258.4
"2026-03-09 20:17:00",10480,12.47,-6.678,82.7,8.8,9.43,256.5
"2026-03-09 20:18:00",10481,12.48,-6.675,83,7.222,8.23,235.5
"2026-03-09 20:19:00",10482,12.48,-6.687,83.7,7.25,8.23,252.7
"2026-03-09 20:20:00",10483,12.48,-6.681,84.1,5.998,6.931,253.8
"2026-03-09 20:21:00",10484,12.48,-6.721,84.4,4.637,5.098,246.6
"2026-03-09 20:22:00",10485,12.47,-6.777,85.3,5.503,5.998,238
"2026-03-09 20:23:00",10486,12.48,-6.868,85.4,4.523,5.165,238.6
"2026-03-09 20:24:00",10487,12.48,-6.939,85.8,5.042,5.631,234.1
"2026-03-09 20:25:00",10488,12.48,-6.97,86.6,5.309,6.064,243.5
"2026-03-09 20:26:00",10489,12.47,-7.01,85.7,5.092,5.764,243.8
"2026-03-09 20:27:00",10490,12.48,-6.984,85.6,5.945,6.464,272.9
"2026-03-09 20:28:00",10491,12.47,-6.902,84.7,6.789,7.83,263
"2026-03-09 20:29:00",10492,12.48,-6.828,84.5,6.114,7.364,264.4
"2026-03-09 20:30:00",10493,12.48,-6.772,84.2,5.612,6.764,276
"2026-03-09 20:31:00",10494,12.48,-6.752,84.2,5.431,6.431,269.5
"2026-03-09 20:32:00",10495,12.48,-6.769,84.5,6.236,6.697,276.3
"2026-03-09 20:33:00",10496,12.47,-6.797,84.5,6.456,7.697,271.6
"2026-03-09 20:34:00",10497,12.48,-6.791,84.7,4.881,5.231,262.5
"2026-03-09 20:35:00",10498,12.48,-6.738,84.1,4.887,5.431,262
"2026-03-09 20:36:00",10499,12.47,-6.721,84.1,4.709,5.131,267
"2026-03-09 20:37:00",10500,12.48,-6.738,83.8,4.892,5.265,266.8
"2026-03-09 20:38:00",10501,12.48,-6.797,84.5,5.415,6.231,266.1
"2026-03-09 20:39:00",10502,12.48,-6.808,85.3,5.067,5.564,271.7
"2026-03-09 20:40:00",10503,12.47,-6.825,85.4,4.432,4.931,261.1
"2026-03-09 20:41:00",10504,12.48,-6.848,84.9,4.895,5.598,271.1
"2026-03-09 20:42:00",10505,12.47,-6.842,85,4.854,5.631,248.9
"2026-03-09 20:43:00",10506,12.48,-6.808,84.7,4.618,5.698,281.3
"2026-03-09 20:44:00",10507,12.48,-6.772,85,5.97,6.597,263
"2026-03-09 20:45:00",10508,12.47,-6.712,84.5,5.953,7.031,266.4
"2026-03-09 20:46:00",10509,12.47,-6.701,84.4,5.153,5.864,258.8
"2026-03-09 20:47:00",10510,12.47,-6.712,84.4,4.726,5.531,262.8
"2026-03-09 20:48:00",10511,12.48,-6.718,84.3,4.715,5.664,268
"2026-03-09 20:49:00",10512,12.47,-6.698,83.4,5.104,5.631,273.6
"2026-03-09 20:50:00",10513,12.47,-6.732,83.4,4.662,5.265,280.5
"2026-03-09 20:51:00",10514,12.47,-6.763,83.6,5.387,6.964,268.9
"2026-03-09 20:52:00",10515,12.48,-6.755,84,6.067,7.797,276.9
"2026-03-09 20:53:00",10516,12.47,-6.706,83.8,4.729,5.998,278
"2026-03-09 20:54:00",10517,12.48,-6.698,83.2,5.753,6.564,271.3
"2026-03-09 20:55:00",10518,12.47,-6.723,83.6,5.864,6.364,267.2
"2026-03-09 20:56:00",10519,12.48,-6.769,83.2,6.036,6.831,256.3
"2026-03-09 20:57:00",10520,12.47,-6.772,83,6.484,7.031,277
"2026-03-09 20:58:00",10521,12.48,-6.766,83.4,6.167,7.397,271.7
"2026-03-09 20:59:00",10522,12.48,-6.783,84.3,5.198,5.864,264.7
"2026-03-09 21:00:00",10523,12.47,-6.789,84.6,4.962,5.531,265.6
"2026-03-09 21:01:00",10524,12.47,-6.78,84.7,6,7.297,292.5
"2026-03-09 21:02:00",10525,12.47,-6.763,85.1,4.942,6.631,284.5
"2026-03-09 21:03:00",10526,12.47,-6.715,85.1,4.873,6.597,265.8
"2026-03-09 21:04:00",10527,12.48,-6.738,84.8,4.59,6.597,249
"2026-03-09 21:05:00",10528,12.47,-6.721,84.5,5.609,7.664,267.9
"2026-03-09 21:06:00",10529,12.47,-6.729,83.8,7.205,8.56,273
"2026-03-09 21:07:00",10530,12.47,-6.743,83.2,5.984,6.831,285.5
"2026-03-09 21:08:00",10531,12.47,-6.746,82.7,6.231,7.864,262.8
"2026-03-09 21:09:00",10532,12.48,-6.729,81.9,5.117,6.631,255
"2026-03-09 21:10:00",10533,12.47,-6.763,81.3,4.529,6.464,263.9
"2026-03-09 21:11:00",10534,12.47,-6.828,80.9,5.942,6.764,278.4
"2026-03-09 21:12:00",10535,12.47,-6.854,80.1,6.245,7.464,261.9
"2026-03-09 21:13:00",10536,12.47,-6.831,78.66,6.856,8.86,248.7
"2026-03-09 21:14:00",10537,12.47,-6.811,78.05,6.875,7.963,267.5
"2026-03-09 21:15:00",10538,12.47,-6.823,77.54,6.509,8.23,256.5
"2026-03-09 21:16:00",10539,12.47,-6.837,77.61,6.07,7.13,248
"2026-03-09 21:17:00",10540,12.47,-6.842,76.86,6.478,8.7,258
"2026-03-09 21:18:00",10541,12.47,-6.82,76.72,7.455,9.46,253.4
"2026-03-09 21:19:00",10542,12.47,-6.689,76.08,5.112,6.164,254.2
"2026-03-09 21:20:00",10543,12.47,-6.718,74.92,4.579,5.731,274.9
"2026-03-09 21:21:00",10544,12.47,-6.743,75.46,6.036,7.53,247.6
"2026-03-09 21:22:00",10545,12.47,-6.831,74.48,5.401,6.064,236.4
"2026-03-09 21:23:00",10546,12.47,-7.027,74.41,4.545,7.364,255.7
"2026-03-09 21:24:00",10547,12.47,-7.202,76.62,6.181,7.197,264.7
"2026-03-09 21:25:00",10548,12.47,-7.12,76.14,6.536,7.33,251.9
"2026-03-09 21:26:00",10549,12.47,-7.168,77.13,5.881,7.031,236.6
"2026-03-09 21:27:00",10550,12.47,-7.435,77.84,4.298,5.031,237.5
"2026-03-09 21:28:00",10551,12.47,-7.582,78.86,3.865,4.765,208.3
"2026-03-09 21:29:00",10552,12.47,-7.593,77.71,4.848,6.631,229.2
"2026-03-09 21:30:00",10553,12.47,-7.585,78.56,7.741,8.43,254.2
"2026-03-09 21:31:00",10554,12.47,-7.245,77.13,7.086,8.76,246.3
"2026-03-09 21:32:00",10555,12.47,-7.063,76.38,6.831,9.4,275.3
"2026-03-09 21:33:00",10556,12.47,-7.024,76.72,6.422,8.96,263.8
"2026-03-09 21:34:00",10557,12.47,-6.93,76.31,6.214,7.464,267.9
"2026-03-09 21:35:00",10558,12.47,-6.939,74.82,5.892,9.3,253.7
"2026-03-09 21:36:00",10559,12.47,-7.046,76.69,6.828,7.597,274.2
"2026-03-09 21:37:00",10560,12.47,-7.041,75.7,6.322,7.83,278.1
"2026-03-09 21:38:00",10561,12.47,-7.055,76.65,7.919,9.53,248.7
"2026-03-09 21:39:00",10562,12.47,-6.967,76.28,8.39,9.53,261.8
"2026-03-09 21:40:00",10563,12.47,-6.862,76.35,7.078,8.1,269.9
"2026-03-09 21:41:00",10564,12.47,-6.777,75.36,6.969,7.597,268.9
"2026-03-09 21:42:00",10565,12.47,-6.823,74.78,6.57,8.56,258.6
"2026-03-09 21:43:00",10566,12.47,-6.919,74.38,6.828,7.963,262.1
"2026-03-09 21:44:00",10567,12.47,-6.984,75.19,7.233,7.797,261.5
"2026-03-09 21:45:00",10568,12.47,-6.93,75.06,7.144,8.36,253.7
"2026-03-09 21:46:00",10569,12.47,-6.944,75.09,5.753,7.031,256.3
"2026-03-09 21:47:00",10570,12.47,-6.987,74.78,4.937,5.664,262
"2026-03-09 21:48:00",10571,12.47,-7.114,74.75,5.398,6.331,271.2
"2026-03-09 21:49:00",10572,12.47,-7.293,74.68,5.415,6.064,266.4
"2026-03-09 21:50:00",10573,12.47,-7.435,77.23,5.864,6.731,270.3
"2026-03-09 21:51:00",10574,12.47,-7.381,77.3,6.328,6.997,243
"2026-03-09 21:52:00",10575,12.47,-7.276,75.91,6.545,7.764,266.2
"2026-03-09 21:53:00",10576,12.47,-7.228,74.99,5.898,6.597,264.8
"2026-03-09 21:54:00",10577,12.47,-7.304,74.92,5.651,5.864,269.8
"2026-03-09 21:55:00",10578,12.47,-7.421,74.75,5.428,6.264,253.1
"2026-03-09 21:56:00",10579,12.47,-7.579,74.34,4.598,4.998,265.1
"2026-03-09 21:57:00",10580,12.47,-7.851,77.16,5.931,7.064,253.6
"2026-03-09 21:58:00",10581,12.47,-7.914,75.09,6.075,6.531,258.4
"2026-03-09 21:59:00",10582,12.47,-8.05,76.96,7.05,8.13,287.6
"2026-03-09 22:00:00",10583,12.47,-7.939,77.5,6.345,8.33,286.9
"2026-03-09 22:01:00",10584,12.47,-7.863,75.4,5.431,6.164,266.4
"2026-03-09 22:02:00",10585,12.47,-8.03,74.34,5.054,5.764,264.5
"2026-03-09 22:03:00",10586,12.47,-8.22,76.76,6.434,7.397,276.3
"2026-03-09 22:04:00",10587,12.47,-8.1,78.63,8.24,9.1,287.5
"2026-03-09 22:05:00",10588,12.47,-7.865,75.5,7.472,8.2,282.7
"2026-03-09 22:06:00",10589,12.47,-7.84,76.14,6.531,7.23,287.3
"2026-03-09 22:07:00",10590,12.47,-7.885,73.63,4.407,5.431,275.4
"2026-03-09 22:08:00",10591,12.47,-7.976,75.33,8.16,9.8,267.4
"2026-03-09 22:09:00",10592,12.47,-7.908,75.6,7.572,7.963,276
"2026-03-09 22:10:00",10593,12.47,-7.931,75.29,7.172,7.564,285.6
"2026-03-09 22:11:00",10594,12.47,-7.928,76.38,6.731,7.33,299.8
"2026-03-09 22:12:00",10595,12.47,-7.996,76.62,4.995,5.831,289.2
"2026-03-09 22:13:00",10596,12.47,-8.09,74.24,2.857,3.732,254.6
"2026-03-09 22:14:00",10597,12.47,-8.4,74.48,2.749,3.832,253.3
"2026-03-09 22:15:00",10598,12.47,-8.64,79.51,5.7,8.3,289.9
"2026-03-09 22:16:00",10599,12.47,-8.43,77.5,7.192,7.963,291
"2026-03-09 22:17:00",10600,12.47,-8.44,75.26,6.42,6.797,297.1
"2026-03-09 22:18:00",10601,12.47,-8.63,76.38,4.743,5.898,278.2
"2026-03-09 22:19:00",10602,12.47,-8.87,73.35,3.029,3.699,277.3
"2026-03-09 22:20:00",10603,12.47,-9.28,76.48,6.159,6.731,290.9
"2026-03-09 22:21:00",10604,12.47,-9.47,79.27,6.842,7.33,296.3
"2026-03-09 22:22:00",10605,12.47,-9.4,78.69,6.061,6.797,308.2
"2026-03-09 22:23:00",10606,12.47,-9.48,76.04,3.443,4.598,244.1
"2026-03-09 22:24:00",10607,12.47,-9.73,77.3,2.965,4.798,279.6
"2026-03-09 22:25:00",10608,12.47,-9.87,77.37,3.41,4.631,272.9
"2026-03-09 22:26:00",10609,12.46,-10.01,78.83,4.243,6.831,279.4
"2026-03-09 22:27:00",10610,12.47,-9.87,80.9,7.525,7.93,284.2
"2026-03-09 22:28:00",10611,12.47,-9.55,79.88,7.514,7.797,292.8
"2026-03-09 22:29:00",10612,12.47,-9.41,78.22,5.917,7.064,281.5
"2026-03-09 22:30:00",10613,12.46,-9.47,80.2,4.887,5.231,281.4
"2026-03-09 22:31:00",10614,12.46,-9.38,77.3,3.726,4.831,276.9
"2026-03-09 22:32:00",10615,12.46,-9.36,80.9,5.637,6.564,272
"2026-03-09 22:33:00",10616,12.47,-9.16,78.35,6.223,7.23,300.4
"2026-03-09 22:34:00",10617,12.46,-9.05,82,8.42,9.46,305.2
"2026-03-09 22:35:00",10618,12.47,-8.63,82.6,7.53,8.46,315.2
"2026-03-09 22:36:00",10619,12.46,-8.4,79.31,6.931,7.497,306.8
"2026-03-09 22:37:00",10620,12.47,-8.43,77.91,6.195,6.964,301
"2026-03-09 22:38:00",10621,12.47,-8.59,73.52,4.554,5.998,293.3
"2026-03-09 22:39:00",10622,12.47,-8.97,75.36,3.201,3.632,282.7
"2026-03-09 22:40:00",10623,12.47,-9.29,76.86,4.409,5.664,279.6
"2026-03-09 22:41:00",10624,12.47,-9.58,76.25,3.015,7.364,297.4
"2026-03-09 22:42:00",10625,12.46,-9.58,80.9,7.205,7.597,293.5
"2026-03-09 22:43:00",10626,12.46,-9.5,78.22,7.036,7.597,307.9
"2026-03-09 22:44:00",10627,12.46,-9.48,79.72,7.006,7.33,310.6
"2026-03-09 22:45:00",10628,12.46,-9.5,79.28,6.478,6.864,308.1
"2026-03-09 22:46:00",10629,12.46,-9.62,76.83,5.437,6.164,296.1
"2026-03-09 22:47:00",10630,12.47,-9.83,77.44,5.234,6.164,293
"2026-03-09 22:48:00",10631,12.46,-10.04,76.63,3.313,4.165,303.4
"2026-03-09 22:49:00",10632,12.46,-10.29,77.41,4.493,6.064,298.3
"2026-03-09 22:50:00",10633,12.46,-10.41,79.69,1.427,4.365,342.4
"2026-03-09 22:51:00",10634,12.46,-10.33,81.5,0.483,1.699,286.8
"2026-03-09 22:52:00",10635,12.46,-10.23,81.4,0.886,1.766,296.6
"2026-03-09 22:53:00",10636,12.46,-10.13,81.3,0.852,1.933,296.6
"2026-03-09 22:54:00",10637,12.46,-10.13,80.2,0.683,1.666,296.6
"2026-03-09 22:55:00",10638,12.46,-10.14,80.4,0.294,0.866,296.8
"2026-03-09 22:56:00",10639,12.46,-10.16,80,0,0,296.6
"2026-03-09 22:57:00",10640,12.46,-10.23,79.93,0,0,292.4
"2026-03-09 22:58:00",10641,12.46,-10.24,81,0,0,291.8
"2026-03-09 22:59:00",10642,12.46,-10.2,79.73,1.508,3.465,265.1
"2026-03-09 23:00:00",10643,12.46,-10.27,79.39,1.172,2.366,208.7
"2026-03-09 23:01:00",10644,12.46,-10.37,78.54,1.638,2.399,243.9
"2026-03-09 23:02:00",10645,12.46,-10.56,81.2,3.029,4.798,262.8
"2026-03-09 23:03:00",10646,12.46,-10.42,81.1,4.134,6.164,277
"2026-03-09 23:04:00",10647,12.46,-10.4,80.4,4.448,4.965,307.4
"2026-03-09 23:05:00",10648,12.46,-10.43,82.1,3.299,4.498,240.5
"2026-03-09 23:06:00",10649,12.46,-9.96,84.4,4.698,5.231,249.4
"2026-03-09 23:07:00",10650,12.46,-9.35,83.6,5.52,6.064,230.6
"2026-03-09 23:08:00",10651,12.46,-9.02,79.83,4.101,5.798,252.3
"2026-03-09 23:09:00",10652,12.46,-9.06,77.79,3.415,4.432,270.3
"2026-03-09 23:10:00",10653,12.46,-9.22,80.3,3.338,4.332,264.8
"2026-03-09 23:11:00",10654,12.46,-9.15,79.59,4.315,4.965,260.3
"2026-03-09 23:12:00",10655,12.46,-9.22,76.77,4.234,4.665,259.9
"2026-03-09 23:13:00",10656,12.46,-9.34,76.6,3.873,4.298,268.9
"2026-03-09 23:14:00",10657,12.46,-9.73,73.95,4.74,6.164,308.3
"2026-03-09 23:15:00",10658,12.46,-10.21,79.05,5.703,6.631,257.9
"2026-03-09 23:16:00",10659,12.46,-10.03,81.7,3.576,4.965,257.4
"2026-03-09 23:17:00",10660,12.46,-10,76.26,3.157,4.498,259.8
"2026-03-09 23:18:00",10661,12.46,-10.29,79.97,4.332,5.031,262.4
"2026-03-09 23:19:00",10662,12.46,-10.3,80.8,2.829,4.132,251.6
"2026-03-09 23:20:00",10663,12.46,-10.17,82.8,3.99,4.998,245.1
"2026-03-09 23:21:00",10664,12.46,-9.76,81.2,4.543,4.898,241.6
"2026-03-09 23:22:00",10665,12.46,-9.57,80.1,4.979,5.431,264.8
"2026-03-09 23:23:00",10666,12.46,-9.54,76.88,4.579,5.431,270.8
"2026-03-09 23:24:00",10667,12.46,-9.69,77.76,5.178,5.698,259.3
"2026-03-09 23:25:00",10668,12.46,-9.93,76.85,5.315,7.097,302.9
"2026-03-09 23:26:00",10669,12.46,-10.11,79.23,7.033,7.497,310.9
"2026-03-09 23:27:00",10670,12.46,-10.19,79.94,7.019,7.864,312.7
"2026-03-09 23:28:00",10671,12.46,-10.19,79.4,7.544,8.56,303.6
"2026-03-09 23:29:00",10672,12.46,-10.32,79.64,6.95,8.2,312.8
"2026-03-09 23:30:00",10673,12.46,-10.36,78.82,5.573,6.297,300.7
"2026-03-09 23:31:00",10674,12.45,-10.51,79.2,5.051,5.631,289.6
"2026-03-09 23:32:00",10675,12.45,-10.66,77.12,4.729,5.798,274
"2026-03-09 23:33:00",10676,12.46,-10.85,80.9,6.35,6.997,307.1
"2026-03-09 23:34:00",10677,12.46,-10.67,82.2,7.35,8.06,302.4
"2026-03-09 23:35:00",10678,12.46,-10.53,82.4,7.083,8.5,300.1
"2026-03-09 23:36:00",10679,12.45,-10.55,79.61,4.97,6.464,332.2
"2026-03-09 23:37:00",10680,12.46,-10.71,78.28,3.149,5.631,307.5
"2026-03-09 23:38:00",10681,12.46,-10.88,79.16,0.869,1.766,60.43
"2026-03-09 23:39:00",10682,12.46,-10.92,80,0.503,1.299,64.71
"2026-03-09 23:40:00",10683,12.45,-10.87,80.6,0.05,0.6,0.628
"2026-03-09 23:41:00",10684,12.46,-10.82,80.6,0.161,1.799,336.9
"2026-03-09 23:42:00",10685,12.45,-10.82,80.5,0,0,336.9
"2026-03-09 23:43:00",10686,12.45,-10.85,80.6,0,0,156.3
"2026-03-09 23:44:00",10687,12.46,-10.85,80.7,0.533,1.566,117.1
"2026-03-09 23:45:00",10688,12.46,-10.76,81.5,0.297,0.933,23.04
"2026-03-09 23:46:00",10689,12.45,-10.67,81.5,0.047,0.466,271.8
"2026-03-09 23:47:00",10690,12.45,-10.7,82.1,2.177,4.532,263.1
"2026-03-09 23:48:00",10691,12.45,-10.41,82.3,3.815,5.065,258.8
"2026-03-09 23:49:00",10692,12.45,-10.43,79.1,2.979,4.532,244.8
"2026-03-09 23:50:00",10693,12.45,-10.41,82.5,4.309,4.898,250.7
"2026-03-09 23:51:00",10694,12.45,-10.14,82.7,4.079,4.532,251.6
"2026-03-09 23:52:00",10695,12.45,-9.97,80,1.935,2.732,324.1
"2026-03-09 23:53:00",10696,12.45,-9.99,78.86,1.472,2.099,290.3
"2026-03-09 23:54:00",10697,12.45,-10.15,74.26,1.172,2.132,247.1
"2026-03-09 23:55:00",10698,12.45,-10.61,74.09,0.647,2.432,238.9
"2026-03-09 23:56:00",10699,12.45,-11.08,75.15,0.25,1.633,260.2
"2026-03-09 23:57:00",10700,12.45,-11.35,79.78,2.693,3.465,300.5
"2026-03-09 23:58:00",10701,12.45,-11.2,81.8,2.729,3.299,298.6
"2026-03-09 23:59:00",10702,12.45,-11.02,81.4,3.771,4.998,282.1
"2026-03-10 00:00:00",10703,12.45,-11.02,79.16,2.396,3.965,274.7
"2026-03-10 00:01:00",10704,12.45,-11.15,79.84,0.378,1.333,288.6
"2026-03-10 00:02:00",10705,12.45,-11.19,80.6,0.039,0.433,267.4
"2026-03-10 00:03:00",10706,12.45,-11.23,80.4,1.308,2.466,257
"2026-03-10 00:04:00",10707,12.45,-11.28,80.9,2.335,2.932,211.6
"2026-03-10 00:05:00",10708,12.45,-11.26,82.4,1.81,2.166,221.1
"2026-03-10 00:06:00",10709,12.45,-11.09,83.1,2.266,2.832,200.6
"2026-03-10 00:07:00",10710,12.45,-10.9,82.6,1.785,2.399,220.2
"2026-03-10 00:08:00",10711,12.45,-10.95,81,1.955,2.232,246
"2026-03-10 00:09:00",10712,12.45,-11.02,82.2,1.702,2.366,226.1
"2026-03-10 00:10:00",10713,12.45,-10.92,82.6,1.288,1.866,249.3
"2026-03-10 00:11:00",10714,12.45,-10.77,81.9,1.119,1.799,268.7
"2026-03-10 00:12:00",10715,12.45,-10.7,81.9,1.419,2.532,257
"2026-03-10 00:13:00",10716,12.45,-10.64,80.7,0.33,0.966,251.8
"2026-03-10 00:14:00",10717,12.45,-10.66,80.7,0.525,1.433,243.7
"2026-03-10 00:15:00",10718,12.45,-10.69,80.3,1.019,2.199,238
"2026-03-10 00:16:00",10719,12.45,-10.77,79.81,2.066,3.332,251.4
"2026-03-10 00:17:00",10720,12.45,-10.99,75.73,2.246,3.232,241.6
"2026-03-10 00:18:00",10721,12.45,-11.47,75.59,0.125,0.7,225.2
"2026-03-10 00:19:00",10722,12.45,-11.82,77.29,2.113,3.965,182
"2026-03-10 00:20:00",10723,12.45,-11.98,79.44,4.071,4.831,174.1
"2026-03-10 00:21:00",10724,12.45,-11.96,79.91,4.073,4.831,212
"2026-03-10 00:22:00",10725,12.45,-12.1,78.48,4.212,5.431,239.6
"2026-03-10 00:23:00",10726,12.45,-12.27,79.71,4.673,5.198,229.9
"2026-03-10 00:24:00",10727,12.45,-12.19,81,4.82,6.031,230.5
"2026-03-10 00:25:00",10728,12.45,-12.02,81,5.253,6.497,214.4
"2026-03-10 00:26:00",10729,12.45,-11.86,82,5.079,6.597,219.5
"2026-03-10 00:27:00",10730,12.45,-11.45,83.3,5.526,6.797,227.6
"2026-03-10 00:28:00",10731,12.45,-11,81.4,5.337,6.597,221.6
"2026-03-10 00:29:00",10732,12.45,-10.7,81.3,5.065,5.864,214.6
"2026-03-10 00:30:00",10733,12.44,-10.34,79.23,4.887,5.664,213.6
"2026-03-10 00:31:00",10734,12.45,-10.26,78.41,4.271,4.865,213.5
"2026-03-10 00:32:00",10735,12.45,-10.25,77.05,3.962,5.198,214.9
"2026-03-10 00:33:00",10736,12.44,-10.32,75.52,3.54,4.332,249.9
"2026-03-10 00:34:00",10737,12.44,-10.5,79.54,4.207,5.065,230.4
"2026-03-10 00:35:00",10738,12.44,-10.33,78.72,4.526,5.198,244.7
"2026-03-10 00:36:00",10739,12.45,-10.41,74.6,4.029,4.598,238.6
"2026-03-10 00:37:00",10740,12.44,-10.79,75.56,4.698,5.631,241.2
"2026-03-10 00:38:00",10741,12.44,-10.91,80,4.862,5.231,233.1
"2026-03-10 00:39:00",10742,12.44,-10.64,78.96,4.271,5.098,250.7
"2026-03-10 00:40:00",10743,12.44,-10.57,77.97,4.345,4.798,228.9
"2026-03-10 00:41:00",10744,12.44,-10.6,78.52,4.651,5.098,230.4
"2026-03-10 00:42:00",10745,12.44,-10.54,79.2,4.287,4.698,224.7
"2026-03-10 00:43:00",10746,12.44,-10.43,78.28,4.601,5.231,222.1
"2026-03-10 00:44:00",10747,12.44,-10.32,78.38,3.743,4.665,222.7
"2026-03-10 00:45:00",10748,12.44,-10.32,77.87,4.076,4.898,220.6
"2026-03-10 00:46:00",10749,12.44,-10.28,78.25,3.932,4.532,219.3
"2026-03-10 00:47:00",10750,12.44,-10.12,78.25,4.271,4.698,244.7
"2026-03-10 00:48:00",10751,12.44,-10.18,77.4,3.951,4.665,221.7
"2026-03-10 00:49:00",10752,12.44,-10.16,77.5,4.209,4.631,219.1
"2026-03-10 00:50:00",10753,12.44,-10.15,78.52,4.315,5.065,221.7
"2026-03-10 00:51:00",10754,12.44,-9.99,78.35,3.973,4.565,228.8
"2026-03-10 00:52:00",10755,12.44,-9.89,77.67,3.718,4.198,223.8
"2026-03-10 00:53:00",10756,12.44,-9.87,77.2,3.998,4.998,231.2
"2026-03-10 00:54:00",10757,12.45,-9.9,76.89,4.154,4.698,226.2
"2026-03-10 00:55:00",10758,12.45,-9.86,77.23,3.699,4.631,235
"2026-03-10 00:56:00",10759,12.45,-9.86,76.96,4.129,4.965,233.7
"2026-03-10 00:57:00",10760,12.45,-9.98,73.77,3.41,4.165,234.6
"2026-03-10 00:58:00",10761,12.45,-10.2,77.17,3.954,4.665,236.9
"2026-03-10 00:59:00",10762,12.44,-10.31,75.74,3.396,4.132,269.9
"2026-03-10 01:00:00",10763,12.44,-10.51,78.6,3.61,4.098,243.8
"2026-03-10 01:01:00",10764,12.45,-10.58,75.61,2.593,3.499,234.5
"2026-03-10 01:02:00",10765,12.45,-10.75,78.6,3.651,4.098,241.2
"2026-03-10 01:03:00",10766,12.45,-10.79,75.51,3.129,3.599,278
"2026-03-10 01:04:00",10767,12.45,-11.17,76.33,2.33,3.099,250.9
"2026-03-10 01:05:00",10768,12.44,-11.35,80.1,2.874,3.465,246.9
"2026-03-10 01:06:00",10769,12.44,-11.13,80.7,2.532,3.399,243.4
"2026-03-10 01:07:00",10770,12.45,-10.92,80.4,3.002,3.632,235.3
"2026-03-10 01:08:00",10771,12.44,-10.81,79.66,3.071,3.798,230.3
"2026-03-10 01:09:00",10772,12.44,-10.75,79.94,3.115,3.665,236.9
"2026-03-10 01:10:00",10773,12.44,-10.68,79.87,3.102,3.965,234
"2026-03-10 01:11:00",10774,12.44,-10.56,78.85,2.871,3.365,230.1
"2026-03-10 01:12:00",10775,12.44,-10.55,79.02,2.829,3.432,231.1
"2026-03-10 01:13:00",10776,12.44,-10.55,78.44,2.627,3.065,244.8
"2026-03-10 01:14:00",10777,12.44,-10.59,79.56,2.546,3.332,236.4
"2026-03-10 01:15:00",10778,12.44,-10.56,79.19,2.799,3.499,231.4
"2026-03-10 01:16:00",10779,12.44,-10.55,78.95,2.799,3.165,251.5
"2026-03-10 01:17:00",10780,12.44,-10.61,76.98,3.243,4.098,248.8
"2026-03-10 01:18:00",10781,12.44,-10.77,78.65,3.682,5.031,236.1
"2026-03-10 01:19:00",10782,12.44,-10.82,77.86,3.254,4.065,235.9
"2026-03-10 01:20:00",10783,12.44,-10.89,77.42,3.754,4.698,247.7
"2026-03-10 01:21:00",10784,12.44,-11.05,78.31,3.193,3.765,245.5
"2026-03-10 01:22:00",10785,12.44,-11.17,77.45,3.674,4.432,243.4
"2026-03-10 01:23:00",10786,12.44,-11.33,78.41,3.671,4.298,232.1
"2026-03-10 01:24:00",10787,12.44,-11.36,80.1,2.832,4.098,245
"2026-03-10 01:25:00",10788,12.44,-11.32,78.95,3.56,4.998,239.8
"2026-03-10 01:26:00",10789,12.44,-11.3,79.05,3.89,4.731,240.7
"2026-03-10 01:27:00",10790,12.44,-11.34,79.84,3.907,4.965,249.5
"2026-03-10 01:28:00",10791,12.44,-11.26,79.67,3.796,4.865,229
"2026-03-10 01:29:00",10792,12.44,-11.17,80,3.637,4.532,240
"2026-03-10 01:30:00",10793,12.44,-11.1,78.85,3.918,4.798,233.4
"2026-03-10 01:31:00",10794,12.44,-11.07,78.68,3.962,5.331,236.7
"2026-03-10 01:32:00",10795,12.44,-11.05,79.26,3.679,4.731,235
"2026-03-10 01:33:00",10796,12.44,-10.97,80.2,4.029,4.731,248.1
"2026-03-10 01:34:00",10797,12.44,-10.88,78.92,3.868,4.598,230.4
"2026-03-10 01:35:00",10798,12.44,-10.87,78.78,3.982,4.731,238.4
"2026-03-10 01:36:00",10799,12.44,-10.87,79.19,3.779,4.765,231.8
"2026-03-10 01:37:00",10800,12.44,-10.8,79.36,3.782,4.665,234.9
"2026-03-10 01:38:00",10801,12.44,-10.71,78.95,3.707,4.132,244.3
"2026-03-10 01:39:00",10802,12.44,-10.7,78.34,3.515,4.032,239.7
"2026-03-10 01:40:00",10803,12.44,-10.71,76.81,3.268,3.765,243
"2026-03-10 01:41:00",10804,12.44,-10.79,78,3.31,3.832,239.7
"2026-03-10 01:42:00",10805,12.44,-11.03,74.15,3.771,4.398,253.2
"2026-03-10 01:43:00",10806,12.44,-11.6,78.41,3.179,3.632,227.5
"2026-03-10 01:44:00",10807,12.44,-11.57,80.9,3.207,3.632,220.3
"2026-03-10 01:45:00",10808,12.44,-11.3,81.4,3.293,3.732,212.1
"2026-03-10 01:46:00",10809,12.44,-11,80.2,2.902,3.399,244.8
"2026-03-10 01:47:00",10810,12.44,-10.88,79.84,3.229,4.065,214.5
"2026-03-10 01:48:00",10811,12.44,-10.76,78.17,3.421,4.265,226.3
"2026-03-10 01:49:00",10812,12.44,-10.76,78.82,3.046,3.532,239
"2026-03-10 01:50:00",10813,12.44,-10.69,77.86,3.168,3.965,228.2
"2026-03-10 01:51:00",10814,12.44,-10.71,78.14,3.243,3.898,236.2
"2026-03-10 01:52:00",10815,12.44,-10.86,77.42,2.949,3.365,223.6
"2026-03-10 01:53:00",10816,12.44,-11.05,76.91,2.757,3.399,238.3
"2026-03-10 01:54:00",10817,12.44,-11.28,77.39,2.396,3.565,230.8
"2026-03-10 01:55:00",10818,12.44,-11.46,77.01,2.902,4.365,246.3
"2026-03-10 01:56:00",10819,12.44,-11.66,78.07,2.602,3.232,247.8
"2026-03-10 01:57:00",10820,12.44,-11.71,78.75,3.124,4.198,245.2
"2026-03-10 01:58:00",10821,12.44,-11.76,78.54,3.193,4.265,238.8
"2026-03-10 01:59:00",10822,12.44,-11.76,79.8,3.121,4.565,229.8
"2026-03-10 02:00:00",10823,12.44,-11.68,78.95,2.91,3.898,242
"2026-03-10 02:01:00",10824,12.44,-11.68,79.73,2.738,3.399,244
"2026-03-10 02:02:00",10825,12.44,-11.58,80.5,2.427,3.599,239.3
"2026-03-10 02:03:00",10826,12.43,-11.46,79.19,2.416,2.832,242.1
"2026-03-10 02:04:00",10827,12.43,-11.43,78.92,2.105,2.899,246.3
"2026-03-10 02:05:00",10828,12.43,-11.43,79.39,1.819,2.366,251.2
"2026-03-10 02:06:00",10829,12.43,-11.51,75.82,2.471,2.766,256.3
"2026-03-10 02:07:00",10830,12.44,-11.84,77.56,3.232,4.065,273.6
"2026-03-10 02:08:00",10831,12.43,-11.97,79.73,3.113,4.032,262.1
"2026-03-10 02:09:00",10832,12.43,-11.86,80.3,2.96,3.732,262.4
"2026-03-10 02:10:00",10833,12.43,-11.8,80.2,3.193,3.399,266.6
"2026-03-10 02:11:00",10834,12.43,-11.67,80.4,2.877,3.332,268.3
"2026-03-10 02:12:00",10835,12.43,-11.6,78.88,3.224,3.465,261.6
"2026-03-10 02:13:00",10836,12.43,-11.55,79.87,2.743,3.365,269.3
"2026-03-10 02:14:00",10837,12.43,-11.54,78.61,3.09,3.465,276.1
"2026-03-10 02:15:00",10838,12.44,-11.59,79.43,2.938,3.365,273.2
"2026-03-10 02:16:00",10839,12.43,-11.54,79.63,3.107,3.699,259.2
"2026-03-10 02:17:00",10840,12.44,-11.46,79.77,2.854,3.132,268
"2026-03-10 02:18:00",10841,12.43,-11.41,80,2.741,3.132,278.2
"2026-03-10 02:19:00",10842,12.43,-11.23,80.4,2.488,3.032,271.5
"2026-03-10 02:20:00",10843,12.43,-11.08,80.2,2.666,3.099,266
"2026-03-10 02:21:00",10844,12.43,-10.94,78.54,2.38,3.032,262.4
"2026-03-10 02:22:00",10845,12.43,-10.92,79.6,2.18,2.832,255.3
"2026-03-10 02:23:00",10846,12.43,-11.03,76.54,2.968,3.432,267.6
"2026-03-10 02:24:00",10847,12.43,-11.22,78.65,2.232,3.232,259.3
"2026-03-10 02:25:00",10848,12.43,-11.34,76.67,2.58,3.165,264.9
"2026-03-10 02:26:00",10849,12.43,-11.63,76.84,2.874,3.199,253
"2026-03-10 02:27:00",10850,12.43,-11.89,77.62,2.721,2.965,257.3
"2026-03-10 02:28:00",10851,12.43,-12.02,79.87,2.571,2.999,239.8
"2026-03-10 02:29:00",10852,12.43,-11.93,80.9,2.457,2.866,250.6
"2026-03-10 02:30:00",10853,12.43,-11.84,79.46,2.435,2.899,249.6
"2026-03-10 02:31:00",10854,12.43,-11.9,79.67,2.205,2.632,238
"2026-03-10 02:32:00",10855,12.43,-11.95,79.9,1.963,2.132,220.2
"2026-03-10 02:33:00",10856,12.43,-11.93,80.4,1.774,2.099,217.5
"2026-03-10 02:34:00",10857,12.43,-11.87,79.84,1.608,1.899,239.3
"2026-03-10 02:35:00",10858,12.43,-11.92,80.9,1.716,2.066,219.2
"2026-03-10 02:36:00",10859,12.43,-11.8,82.3,2.066,2.332,218.6
"2026-03-10 02:37:00",10860,12.43,-11.55,81.8,2.055,2.799,241.8
"2026-03-10 02:38:00",10861,12.43,-11.45,78.75,2.952,3.532,241.4
"2026-03-10 02:39:00",10862,12.43,-11.54,79.67,2.946,3.599,241
"2026-03-10 02:40:00",10863,12.43,-11.65,78.78,2.699,3.465,249.9
"2026-03-10 02:41:00",10864,12.43,-11.84,78.92,3.054,3.399,245.7
"2026-03-10 02:42:00",10865,12.43,-11.98,80.5,3.218,3.565,243
"2026-03-10 02:43:00",10866,12.43,-11.88,80.8,3.013,3.465,257.4
"2026-03-10 02:44:00",10867,12.43,-11.78,81.5,2.924,3.399,259.5
"2026-03-10 02:45:00",10868,12.43,-11.76,79.43,2.954,3.499,227.4
"2026-03-10 02:46:00",10869,12.43,-11.69,80,3.343,3.898,225.2
"2026-03-10 02:47:00",10870,12.43,-11.71,78.24,3.351,3.665,229.3
"2026-03-10 02:48:00",10871,12.43,-11.88,81.3,3.257,3.632,217.3
"2026-03-10 02:49:00",10872,12.43,-11.81,79.5,2.663,3.399,221.3
"2026-03-10 02:50:00",10873,12.43,-11.69,83.4,2.829,3.265,213.2
"2026-03-10 02:51:00",10874,12.43,-11.37,82.5,2.732,3.132,219.4
"2026-03-10 02:52:00",10875,12.43,-11.14,82.5,2.41,2.632,221.9
"2026-03-10 02:53:00",10876,12.43,-10.97,81.9,2.485,2.799,225.6
"2026-03-10 02:54:00",10877,12.43,-10.85,80.5,2.791,3.399,226.2
"2026-03-10 02:55:00",10878,12.43,-10.86,80.5,2.416,2.799,217.5
"2026-03-10 02:56:00",10879,12.43,-10.81,80.9,2.174,2.832,220.3
"2026-03-10 02:57:00",10880,12.43,-10.69,81.3,2.704,2.965,210.4
"2026-03-10 02:58:00",10881,12.43,-10.55,81,2.471,2.999,211.3
"2026-03-10 02:59:00",10882,12.43,-10.46,80.4,2.624,3.099,217
"2026-03-10 03:00:00",10883,12.43,-10.45,80.5,2.816,3.532,217.1
"2026-03-10 03:01:00",10884,12.43,-10.38,80.3,2.618,3.132,217.7
"2026-03-10 03:02:00",10885,12.43,-10.34,79.87,3.018,3.465,218.7
"2026-03-10 03:03:00",10886,12.43,-10.44,79.16,2.821,3.232,219.9
"2026-03-10 03:04:00",10887,12.43,-10.42,81.3,2.002,2.766,224.7
"2026-03-10 03:05:00",10888,12.43,-10.39,79.77,3.113,3.632,223.8
"2026-03-10 03:06:00",10889,12.43,-10.49,77.42,2.516,3.265,254.9
"2026-03-10 03:07:00",10890,12.43,-10.84,78.88,2.735,3.465,223.6
"2026-03-10 03:08:00",10891,12.43,-10.84,81.1,2.654,3.232,218.9
"2026-03-10 03:09:00",10892,12.43,-10.69,80.6,2.357,2.732,219.6
"2026-03-10 03:10:00",10893,12.43,-10.66,80.6,2.663,2.866,223.3
"2026-03-10 03:11:00",10894,12.43,-10.62,78.61,2.81,3.299,260.8
"2026-03-10 03:12:00",10895,12.43,-10.89,78.31,2.979,3.299,230.6
"2026-03-10 03:13:00",10896,12.43,-11.14,79.8,2.952,3.499,226.9
"2026-03-10 03:14:00",10897,12.43,-11.19,79.77,3.537,3.798,237.2
"2026-03-10 03:15:00",10898,12.43,-11.23,79.84,2.577,3.199,257.6
"2026-03-10 03:16:00",10899,12.43,-11.28,81,3.201,3.932,231.1
"2026-03-10 03:17:00",10900,12.42,-11.12,80.8,3.474,3.798,237.8
"2026-03-10 03:18:00",10901,12.43,-11.09,80,3.221,3.932,232.4
"2026-03-10 03:19:00",10902,12.43,-11.18,81,3.26,3.732,236.6
"2026-03-10 03:20:00",10903,12.43,-11.18,80.3,3.299,3.699,227.8
"2026-03-10 03:21:00",10904,12.42,-11.21,80.2,3.357,3.632,240.8
"2026-03-10 03:22:00",10905,12.42,-11.28,80.9,3.618,4.032,230.7
"2026-03-10 03:23:00",10906,12.43,-11.2,81.6,2.896,3.332,226.4
"2026-03-10 03:24:00",10907,12.43,-11.02,82.4,3.732,4.298,236.1
"2026-03-10 03:25:00",10908,12.42,-10.77,81,3.693,4.032,252.2
"2026-03-10 03:26:00",10909,12.42,-10.79,79.5,3.043,3.265,244.6
"2026-03-10 03:27:00",10910,12.43,-10.89,77.83,2.929,3.299,241.4
"2026-03-10 03:28:00",10911,12.42,-11.05,78.78,2.691,2.999,229.3
"2026-03-10 03:29:00",10912,12.42,-11.18,79.12,2.885,3.165,223.4
"2026-03-10 03:30:00",10913,12.43,-11.25,79.8,3.157,3.365,226
"2026-03-10 03:31:00",10914,12.42,-11.33,79.5,3.482,3.898,239.1
"2026-03-10 03:32:00",10915,12.42,-11.34,81,3.882,4.265,220.4
"2026-03-10 03:33:00",10916,12.42,-11.23,80.1,3.107,3.832,239.8
"2026-03-10 03:34:00",10917,12.42,-11.21,79.36,3.551,3.932,231.4
"2026-03-10 03:35:00",10918,12.42,-11.29,78.58,3.032,3.399,239.8
"2026-03-10 03:36:00",10919,12.42,-11.48,77.79,2.843,3.399,227.6
"2026-03-10 03:37:00",10920,12.42,-11.65,78.85,2.282,2.699,224.5
"2026-03-10 03:38:00",10921,12.42,-11.86,77.11,2.213,3.032,221.6
"2026-03-10 03:39:00",10922,12.42,-12.13,80,3.093,3.898,223.5
"2026-03-10 03:40:00",10923,12.42,-12.02,82.4,3.607,3.998,227.8
"2026-03-10 03:41:00",10924,12.42,-11.71,82.5,3.143,3.932,226.8
"2026-03-10 03:42:00",10925,12.42,-11.5,81,3.746,4.032,227.7
"2026-03-10 03:43:00",10926,12.41,-11.43,80.3,3.701,3.932,232.1
"2026-03-10 03:44:00",10927,12.42,-11.38,81.4,3.962,4.565,227.7
"2026-03-10 03:45:00",10928,12.42,-11.29,80.9,3.896,4.465,230.2
"2026-03-10 03:46:00",10929,12.42,-11.13,81.2,4.104,4.398,242.1
"2026-03-10 03:47:00",10930,12.41,-10.93,81.9,3.676,4.265,237.5
"2026-03-10 03:48:00",10931,12.42,-10.71,80.6,3.357,3.732,237.9
"2026-03-10 03:49:00",10932,12.42,-10.71,78.1,3.449,4.032,241.9
"2026-03-10 03:50:00",10933,12.41,-10.93,79.19,3.01,3.365,250.4
"2026-03-10 03:51:00",10934,12.41,-11.11,79.67,3.104,3.599,245.3
"2026-03-10 03:52:00",10935,12.42,-11.14,79.53,2.677,3.432,246.4
"2026-03-10 03:53:00",10936,12.41,-11.16,80,2.791,3.599,246.5
"2026-03-10 03:54:00",10937,12.42,-11.21,79.8,1.969,2.232,252.3
"2026-03-10 03:55:00",10938,12.41,-11.3,78.51,1.486,1.866,237.8
"2026-03-10 03:56:00",10939,12.41,-11.48,78.27,1.894,2.266,229.9
"2026-03-10 03:57:00",10940,12.41,-11.81,77.79,2.332,2.732,229.9
"2026-03-10 03:58:00",10941,12.41,-12.02,81.4,3.082,3.765,236.2
"2026-03-10 03:59:00",10942,12.41,-11.87,82.8,2.152,2.666,229.7
"2026-03-10 04:00:00",10943,12.41,-11.62,83.9,1.971,2.266,229.8
"2026-03-10 04:01:00",10944,12.41,-11.33,83.7,1.477,1.766,229.4
"2026-03-10 04:02:00",10945,12.41,-11.09,83.7,1.186,1.299,229.4
"2026-03-10 04:03:00",10946,12.41,-10.87,83.1,1.344,1.566,229.7
"2026-03-10 04:04:00",10947,12.41,-10.75,82.6,0.639,1.133,242.7
"2026-03-10 04:05:00",10948,12.41,-10.67,83.3,0,0,242.7
"2026-03-10 04:06:00",10949,12.41,-10.53,83.7,0,0,242.7
"2026-03-10 04:07:00",10950,12.41,-10.38,84,0,0,242.6
"2026-03-10 04:08:00",10951,12.41,-10.26,83.8,0,0,242.7
"2026-03-10 04:09:00",10952,12.41,-10.17,83.9,0,0,242.7
"2026-03-10 04:10:00",10953,12.41,-10.03,84,0,0,242.7
"2026-03-10 04:11:00",10954,12.41,-9.91,84.3,0,0,242.7
"2026-03-10 04:12:00",10955,12.41,-9.75,83.9,0,0,242.8
"2026-03-10 04:13:00",10956,12.42,-9.66,83.6,0,0,242.8
"2026-03-10 04:14:00",10957,12.42,-9.63,83.3,0,0,242.7
"2026-03-10 04:15:00",10958,12.42,-9.61,82.5,0,0,192.2
"2026-03-10 04:16:00",10959,12.42,-9.95,79.06,0.5,1.466,192.2
"2026-03-10 04:17:00",10960,12.42,-10.27,79.1,0.067,0.333,192.2
"2026-03-10 04:18:00",10961,12.42,-10.4,80.2,0,0,192.1
"2026-03-10 04:19:00",10962,12.42,-10.44,81.5,0,0,192.2
"2026-03-10 04:20:00",10963,12.42,-10.4,82.4,0,0,192.1
"2026-03-10 04:21:00",10964,12.42,-10.32,82.8,0,0,192.2
"2026-03-10 04:22:00",10965,12.42,-10.26,82.9,0,0,192.6
"2026-03-10 04:23:00",10966,12.42,-10.21,82.9,0.081,0.966,176.7
"2026-03-10 04:24:00",10967,12.42,-10.45,79.41,1.86,2.366,213.4
"2026-03-10 04:25:00",10968,12.42,-10.69,81.2,2.257,2.532,217
"2026-03-10 04:26:00",10969,12.42,-10.64,83,1.896,2.166,218.9
"2026-03-10 04:27:00",10970,12.42,-10.5,83.1,1.436,1.833,222.7
"2026-03-10 04:28:00",10971,12.41,-10.34,83.9,0.233,0.966,225.2
"2026-03-10 04:29:00",10972,12.42,-10.16,84.1,0,0,225.3
"2026-03-10 04:30:00",10973,12.42,-10.02,84.1,0,0,225.3
"2026-03-10 04:31:00",10974,12.41,-9.85,84.1,0.028,0.333,309.7
"2026-03-10 04:32:00",10975,12.42,-9.73,83.6,0.322,1.399,296.8
"2026-03-10 04:33:00",10976,12.41,-9.61,83.7,0.358,0.9,296.8
"2026-03-10 04:34:00",10977,12.41,-9.53,83.4,0.342,0.7,296.8
"2026-03-10 04:35:00",10978,12.41,-9.44,83.5,0,0,296.8
"2026-03-10 04:36:00",10979,12.41,-9.32,83.3,0,0,296.8
"2026-03-10 04:37:00",10980,12.41,-9.26,83.1,0,0,296.8
"2026-03-10 04:38:00",10981,12.41,-9.25,82.9,0,0,296.8
"2026-03-10 04:39:00",10982,12.41,-9.2,82.6,0,0,296.8
"2026-03-10 04:40:00",10983,12.41,-9.22,82.5,0,0,296.8
"2026-03-10 04:41:00",10984,12.41,-9.23,81.9,0,0,296.8
"2026-03-10 04:42:00",10985,12.41,-9.32,81.3,0,0,283
"2026-03-10 04:43:00",10986,12.41,-9.38,82,0,0,277.7
"2026-03-10 04:44:00",10987,12.41,-9.38,81.7,0,0,277.7
"2026-03-10 04:45:00",10988,12.42,-9.38,82.7,0,0,258.5
"2026-03-10 04:46:00",10989,12.41,-9.32,83.2,0,0,258.5
"2026-03-10 04:47:00",10990,12.41,-9.19,83.2,0,0,258.4
"2026-03-10 04:48:00",10991,12.41,-9.1,82.7,0,0,258.4
"2026-03-10 04:49:00",10992,12.41,-9.12,82.3,0,0,258.4
"2026-03-10 04:50:00",10993,12.41,-9.09,82.6,0,0,258.5
"2026-03-10 04:51:00",10994,12.41,-9.06,82.7,0,0,258.4
"2026-03-10 04:52:00",10995,12.41,-9.02,82.1,0,0,258.4
"2026-03-10 04:53:00",10996,12.41,-9.06,81,0.294,0.733,258.4
"2026-03-10 04:54:00",10997,12.41,-9.18,81,0.672,0.766,258.4
"2026-03-10 04:55:00",10998,12.41,-9.26,81.6,0.081,0.566,258.4
"2026-03-10 04:56:00",10999,12.41,-9.37,80.5,0,0,258.4
"2026-03-10 04:57:00",11000,12.41,-9.58,79.82,0,0,258.4
"2026-03-10 04:58:00",11001,12.41,-9.8,78.9,0,0,258.3
"2026-03-10 04:59:00",11002,12.41,-10.1,78.8,0.755,1.566,221
"2026-03-10 05:00:00",11003,12.41,-10.38,80.8,0.664,1.266,221
"2026-03-10 05:01:00",11004,12.41,-10.48,81.5,0.564,1.033,220.9
"2026-03-10 05:02:00",11005,12.41,-10.53,82.5,0.722,1.133,220.9
"2026-03-10 05:03:00",11006,12.41,-10.47,84.5,1.158,1.466,220.9
"2026-03-10 05:04:00",11007,12.41,-10.19,84.5,1.513,1.666,221
"2026-03-10 05:05:00",11008,12.41,-10.06,84.8,1.43,1.766,223.6
"2026-03-10 05:06:00",11009,12.41,-9.93,85.3,0.147,0.966,223.6
"2026-03-10 05:07:00",11010,12.41,-9.74,85.7,0.15,0.666,223.6
"2026-03-10 05:08:00",11011,12.41,-9.58,85.4,0,0,223.5
"2026-03-10 05:09:00",11012,12.41,-9.54,83.8,0.497,0.933,223.4
"2026-03-10 05:10:00",11013,12.41,-9.83,82,1.202,1.699,223.2
"2026-03-10 05:11:00",11014,12.41,-10.06,83.5,0.855,1.166,223.2
"2026-03-10 05:12:00",11015,12.41,-10.06,83.7,1.03,1.166,223.2
"2026-03-10 05:13:00",11016,12.41,-10.04,84.2,0.88,1.1,217.4
"2026-03-10 05:14:00",11017,12.41,-10.21,82.1,2.363,3.199,211.9
"2026-03-10 05:15:00",11018,12.41,-10.33,84.3,2.452,2.932,227.1
"2026-03-10 05:16:00",11019,12.41,-10.17,85.5,2.113,2.532,227.2
"2026-03-10 05:17:00",11020,12.41,-9.88,86,1.755,1.933,242.5
"2026-03-10 05:18:00",11021,12.41,-9.64,85.9,1.741,1.933,247.6
"2026-03-10 05:19:00",11022,12.41,-9.5,85.2,1.108,1.833,252.4
"2026-03-10 05:20:00",11023,12.41,-9.45,84.6,0.622,1.466,243.6
"2026-03-10 05:21:00",11024,12.41,-9.52,84,1.363,1.699,279.3
"2026-03-10 05:22:00",11025,12.41,-9.53,84.5,1.297,1.733,290.6
"2026-03-10 05:23:00",11026,12.41,-9.47,84.9,0.125,0.6,290.6
"2026-03-10 05:24:00",11027,12.41,-9.38,85.1,0.119,0.7,290.6
"2026-03-10 05:25:00",11028,12.41,-9.54,80.9,0.192,0.633,255.2
"2026-03-10 05:26:00",11029,12.41,-9.92,81.3,0,0,255.9
"2026-03-10 05:27:00",11030,12.41,-9.98,82.7,0,0,255.6
"2026-03-10 05:28:00",11031,12.41,-10.16,82.3,0.022,0.267,217.3
"2026-03-10 05:29:00",11032,12.41,-10.29,82.3,1.383,1.766,196.3
"2026-03-10 05:30:00",11033,12.41,-10.44,83.5,1.505,2.332,215.2
"2026-03-10 05:31:00",11034,12.41,-10.51,82.4,0.511,1.233,220.9
"2026-03-10 05:32:00",11035,12.41,-10.67,83.8,1.225,1.566,209.6
"2026-03-10 05:33:00",11036,12.41,-10.56,85.5,0.866,1.633,209.6
"2026-03-10 05:34:00",11037,12.41,-10.29,86.3,0,0,209.6
"2026-03-10 05:35:00",11038,12.41,-10.04,86.7,0,0,209.6
"2026-03-10 05:36:00",11039,12.41,-9.82,87.1,0,0,209.6
"2026-03-10 05:37:00",11040,12.41,-9.6,87.2,0,0,210.3
"2026-03-10 05:38:00",11041,12.41,-9.43,87,0.714,2.099,292.1
"2026-03-10 05:39:00",11042,12.41,-9.32,86.8,1.302,1.799,291.8
"2026-03-10 05:40:00",11043,12.41,-9.27,85.3,1.033,2.166,198.5
"2026-03-10 05:41:00",11044,12.41,-9.67,83,1.552,2.366,191.5
"2026-03-10 05:42:00",11045,12.41,-9.93,83.8,0.666,1.066,211.3
"2026-03-10 05:43:00",11046,12.41,-9.94,84.7,1.519,1.933,235.3
"2026-03-10 05:44:00",11047,12.41,-9.89,85.5,0.858,1.733,246.4
"2026-03-10 05:45:00",11048,12.41,-9.77,85.8,0.056,0.367,246.4
"2026-03-10 05:46:00",11049,12.41,-9.66,85.8,0,0,246.4
"2026-03-10 05:47:00",11050,12.41,-9.6,85.6,0,0,246.4
"2026-03-10 05:48:00",11051,12.41,-9.61,84.7,0,0,246.3
"2026-03-10 05:49:00",11052,12.41,-9.84,82.8,0,0,245.9
"2026-03-10 05:50:00",11053,12.41,-10.17,82.5,0,0,245.8
"2026-03-10 05:51:00",11054,12.41,-10.33,83.6,0,0,245.8
"2026-03-10 05:52:00",11055,12.41,-10.35,84.2,0,0,245.8
"2026-03-10 05:53:00",11056,12.41,-10.35,84.8,0,0,246.5
"2026-03-10 05:54:00",11057,12.41,-10.21,85.6,0,0,246.5
"2026-03-10 05:55:00",11058,12.41,-10.05,86.3,0,0,246.5
"2026-03-10 05:56:00",11059,12.41,-9.87,86.1,0.333,1.166,180.7
"2026-03-10 05:57:00",11060,12.41,-10.05,85.1,0.783,1.333,180.7
"2026-03-10 05:58:00",11061,12.41,-10.26,83.6,2.085,3.099,201.6
"2026-03-10 05:59:00",11062,12.41,-10.6,82.6,3.21,3.832,209.4
"2026-03-10 06:00:00",11063,12.41,-10.79,84.1,3.482,4.165,213
"2026-03-10 06:01:00",11064,12.41,-10.69,85.6,3.113,3.898,231.7
"2026-03-10 06:02:00",11065,12.41,-10.47,85.4,2.541,3.399,235.6
"2026-03-10 06:03:00",11066,12.41,-10.34,86.2,1.33,2.232,239
"2026-03-10 06:04:00",11067,12.41,-10.13,86,1.749,2.166,242.4
"2026-03-10 06:05:00",11068,12.41,-10.04,85.3,1.724,2.199,243.3
"2026-03-10 06:06:00",11069,12.41,-9.96,85.9,1.088,1.366,242.9
"2026-03-10 06:07:00",11070,12.41,-9.94,84.7,1.427,1.566,242.3
"2026-03-10 06:08:00",11071,12.41,-10.04,84.4,0.997,1.333,242.3
"2026-03-10 06:09:00",11072,12.41,-10.1,84.9,0.988,1.333,242.3
"2026-03-10 06:10:00",11073,12.41,-10.04,84.8,1.552,1.999,226.5
"2026-03-10 06:11:00",11074,12.41,-10.14,84.1,2.249,2.666,225.4
"2026-03-10 06:12:00",11075,12.41,-10.17,85.1,2.235,2.432,220.9
"2026-03-10 06:13:00",11076,12.41,-10.06,84.6,1.821,2.366,218.6
"2026-03-10 06:14:00",11077,12.41,-10.11,83.6,1.369,1.533,220.2
"2026-03-10 06:15:00",11078,12.41,-10.26,83.1,1.197,1.466,217.7
"2026-03-10 06:16:00",11079,12.41,-10.38,83.9,0.261,1.1,217.8
"2026-03-10 06:17:00",11080,12.41,-10.38,84.9,0.036,0.333,217.8
"2026-03-10 06:18:00",11081,12.41,-10.25,85.7,0,0,217.8
"2026-03-10 06:19:00",11082,12.41,-10.04,86.1,0,0,246.6
"2026-03-10 06:20:00",11083,12.41,-9.88,85.9,0.35,0.966,339
"2026-03-10 06:21:00",11084,12.41,-9.73,85.7,0.622,1.366,276.2
"2026-03-10 06:22:00",11085,12.41,-9.63,85.7,0.755,1.633,285
"2026-03-10 06:23:00",11086,12.41,-9.53,85.5,0.375,1.2,286.6
"2026-03-10 06:24:00",11087,12.41,-9.43,85.5,0.425,1.299,340.5
"2026-03-10 06:25:00",11088,12.41,-9.31,85.3,0.422,1.066,337.2
"2026-03-10 06:26:00",11089,12.41,-9.25,85.2,0.05,0.4,337.2
"2026-03-10 06:27:00",11090,12.41,-9.2,85,0,0,337.3
"2026-03-10 06:28:00",11091,12.41,-9.15,85.1,0.031,0.367,337.3
"2026-03-10 06:29:00",11092,12.41,-9.06,85,0,0,337.3
"2026-03-10 06:30:00",11093,12.41,-9.04,84.8,0,0,337.2
"2026-03-10 06:31:00",11094,12.41,-9.07,83.2,0,0,300.9
"2026-03-10 06:32:00",11095,12.41,-9.23,83.6,1.436,4.698,66.37
"2026-03-10 06:33:00",11096,12.41,-9.07,84.8,2.624,3.832,52.35
"2026-03-10 06:34:00",11097,12.41,-8.92,84.3,1.572,2.666,88.9
"2026-03-10 06:35:00",11098,12.41,-8.98,83.3,0.347,2.566,63.08
"2026-03-10 06:36:00",11099,12.41,-9.06,82.4,1.052,2.066,46.09
"2026-03-10 06:37:00",11100,12.41,-9.17,81.8,1.497,2.366,6.429
"2026-03-10 06:38:00",11101,12.41,-9.28,82.3,2.385,2.965,27.46
"2026-03-10 06:39:00",11102,12.41,-9.27,82.6,2.099,2.432,21.32
"2026-03-10 06:40:00",11103,12.41,-9.24,83.1,1.702,2.166,20.2
"2026-03-10 06:41:00",11104,12.41,-9.25,82.7,1.644,2.699,42.46
"2026-03-10 06:42:00",11105,12.41,-9.31,82.8,1.427,2.366,42.59
"2026-03-10 06:43:00",11106,12.41,-9.27,83,1.719,2.132,35.43
"2026-03-10 06:44:00",11107,12.41,-9.27,82.7,0.625,0.933,21.22
"2026-03-10 06:45:00",11108,12.41,-9.33,82.8,0.036,0.433,21.12
"2026-03-10 06:46:00",11109,12.41,-9.33,83,0,0,21.12
"2026-03-10 06:47:00",11110,12.41,-9.34,83.2,0,0,21.12
"2026-03-10 06:48:00",11111,12.41,-9.32,83.3,0,0,135.3
"2026-03-10 06:49:00",11112,12.41,-9.36,82.2,0.169,1.133,192.2
"2026-03-10 06:50:00",11113,12.4,-9.53,81.6,1.869,2.532,204.1
"2026-03-10 06:51:00",11114,12.41,-9.72,82.3,2.324,2.832,199.2
"2026-03-10 06:52:00",11115,12.41,-9.86,82.7,1.613,2.232,199.4
"2026-03-10 06:53:00",11116,12.41,-9.91,83.6,1.416,1.933,202.3
"2026-03-10 06:54:00",11117,12.4,-9.88,83.8,1.372,1.766,216.1
"2026-03-10 06:55:00",11118,12.41,-9.88,83.1,1.816,2.099,215.4
"2026-03-10 06:56:00",11119,12.41,-9.97,82.9,1.752,1.933,228
"2026-03-10 06:57:00",11120,12.41,-10.08,82.8,1.938,2.066,242.5
"2026-03-10 06:58:00",11121,12.41,-10.12,83.8,1.541,1.899,242.5
"2026-03-10 06:59:00",11122,12.41,-10.06,84.8,0.678,1.399,242.5
"2026-03-10 07:00:00",11123,12.4,-9.9,85.6,0.439,1,250.4
"2026-03-10 07:01:00",11124,12.41,-9.66,84.7,0.219,1.899,217.7
"2026-03-10 07:02:00",11125,12.4,-9.81,83.5,2.021,2.499,207.7
"2026-03-10 07:03:00",11126,12.41,-9.92,83.6,1.352,1.999,209.6
"2026-03-10 07:04:00",11127,12.4,-9.98,83.3,1.1,1.433,207.1
"2026-03-10 07:05:00",11128,12.41,-10.04,83.9,0.78,1.299,216.9
"2026-03-10 07:06:00",11129,12.4,-10.01,84.4,0.261,0.966,217.6
"2026-03-10 07:07:00",11130,12.4,-9.94,84.5,0,0,217.6
"2026-03-10 07:08:00",11131,12.4,-9.89,84.5,0,0,217.5
"2026-03-10 07:09:00",11132,12.4,-9.82,84.4,0,0,216.9
"2026-03-10 07:10:00",11133,12.4,-9.79,84.3,0,0,144
"2026-03-10 07:11:00",11134,12.4,-9.79,84.3,0.006,0.067,74.52
"2026-03-10 07:12:00",11135,12.4,-9.77,84.5,2.366,4.098,56.87
"2026-03-10 07:13:00",11136,12.41,-9.62,85,3.279,3.932,64.82
"2026-03-10 07:14:00",11137,12.4,-9.51,85,4.034,5.165,73.91
"2026-03-10 07:15:00",11138,12.41,-9.22,86.1,6.103,6.764,68.21
"2026-03-10 07:16:00",11139,12.4,-8.8,86.4,5.77,6.064,70.58
"2026-03-10 07:17:00",11140,12.4,-8.58,85.5,5.353,6.198,63.47
"2026-03-10 07:18:00",11141,12.4,-8.45,85,4.74,5.664,56.51
"2026-03-10 07:19:00",11142,12.4,-8.48,83.6,3.499,3.898,44.33
"2026-03-10 07:20:00",11143,12.4,-8.67,83,3.315,4.065,45.78
"2026-03-10 07:21:00",11144,12.4,-8.72,83.1,3.565,3.898,45.56
"2026-03-10 07:22:00",11145,12.4,-8.79,83,2.902,3.299,49.74
"2026-03-10 07:23:00",11146,12.4,-8.87,82.8,2.888,3.532,57.38
"2026-03-10 07:24:00",11147,12.4,-8.85,83.7,4.126,5.398,87.4
"2026-03-10 07:25:00",11148,12.4,-8.68,84,4.651,4.898,86.7
"2026-03-10 07:26:00",11149,12.4,-8.48,84.4,5.412,6.697,68.21
"2026-03-10 07:27:00",11150,12.4,-8.3,83.4,3.921,5.531,76.55
"2026-03-10 07:28:00",11151,12.4,-8.33,82.6,5.725,6.831,73.19
"2026-03-10 07:29:00",11152,12.4,-8.18,83,5.437,6.831,66.98
"2026-03-10 07:30:00",11153,12.4,-7.992,82.5,3.976,5.531,68.11
"2026-03-10 07:31:00",11154,12.4,-7.918,81.5,3.818,4.198,48.7
"2026-03-10 07:32:00",11155,12.4,-7.955,81,3.379,3.898,48.58
"2026-03-10 07:33:00",11156,12.4,-8.07,80.5,3.44,4.265,74.88
"2026-03-10 07:34:00",11157,12.4,-8.14,81.1,4.357,4.598,66.61
"2026-03-10 07:35:00",11158,12.4,-8.11,81.7,4.826,5.365,83.5
"2026-03-10 07:36:00",11159,12.41,-8.06,81.7,5.676,6.831,77.59
"2026-03-10 07:37:00",11160,12.4,-8.07,81.9,6.217,6.464,74.3
"2026-03-10 07:38:00",11161,12.4,-8.04,82,5.551,6.331,58.49
"2026-03-10 07:39:00",11162,12.4,-7.986,82.8,5.051,6.231,55.16
"2026-03-10 07:40:00",11163,12.4,-7.901,82.3,4.065,4.665,56.34
"2026-03-10 07:41:00",11164,12.4,-7.791,82.9,4.929,5.564,53.9
"2026-03-10 07:42:00",11165,12.4,-7.66,82.8,4.656,5.331,53.9
"2026-03-10 07:43:00",11166,12.4,-7.589,81.9,5.051,7.031,52.01
"2026-03-10 07:44:00",11167,12.4,-7.564,81.4,4.873,5.598,42.13
"2026-03-10 07:45:00",11168,12.4,-7.59,81.4,4.981,5.564,36.28
"2026-03-10 07:46:00",11169,12.41,-7.523,81.8,4.77,5.598,48.63
"2026-03-10 07:47:00",11170,12.4,-7.452,81.1,3.751,4.098,63.61
"2026-03-10 07:48:00",11171,12.4,-7.537,80.1,2.999,3.132,64.63
"2026-03-10 07:49:00",11172,12.4,-7.702,80.1,3.512,3.765,55.05
"2026-03-10 07:50:00",11173,12.4,-7.852,80.5,3.821,4.332,66.1
"2026-03-10 07:51:00",11174,12.4,-7.96,80.8,3.935,4.498,66.49
"2026-03-10 07:52:00",11175,12.4,-8.07,81.6,4.709,5.131,56.94
"2026-03-10 07:53:00",11176,12.4,-8.05,82.1,5.406,6.497,77.87
"2026-03-10 07:54:00",11177,12.4,-7.983,82.7,6.622,7.597,74.82
"2026-03-10 07:55:00",11178,12.41,-7.824,82.4,5.639,6.397,68.4
"2026-03-10 07:56:00",11179,12.41,-7.759,81.8,4.876,5.731,67.43
"2026-03-10 07:57:00",11180,12.4,-7.81,81.3,5.187,6.164,71.15
"2026-03-10 07:58:00",11181,12.41,-7.845,81.6,6.153,6.897,77.33
"2026-03-10 07:59:00",11182,12.4,-7.893,82.1,5.648,5.931,75.96
"2026-03-10 08:00:00",11183,12.4,-7.828,82.4,5.595,5.998,76.49
"2026-03-10 08:01:00",11184,12.4,-7.768,82.5,5.512,6.198,67.72
"2026-03-10 08:02:00",11185,12.4,-7.671,82.1,4.509,5.331,57.81
"2026-03-10 08:03:00",11186,12.4,-7.629,81.9,4.034,4.565,66.07
"2026-03-10 08:04:00",11187,12.41,-7.683,81.3,3.435,3.665,77.96
"2026-03-10 08:05:00",11188,12.41,-7.771,81.4,3.579,4.432,77.6
"2026-03-10 08:06:00",11189,12.41,-7.865,81.2,3.793,4.298,80.9
"2026-03-10 08:07:00",11190,12.4,-7.935,81.4,3.246,4.032,72.26
"2026-03-10 08:08:00",11191,12.4,-7.924,82.2,3.293,3.699,81.6
"2026-03-10 08:09:00",11192,12.41,-7.874,82,2.993,3.499,75.04
"2026-03-10 08:10:00",11193,12.41,-7.936,81.5,1.777,2.566,62.69
"2026-03-10 08:11:00",11194,12.41,-8.01,80.9,1.738,2.399,23.25
"2026-03-10 08:12:00",11195,12.41,-8.17,80.3,1.422,2.166,1.788
"2026-03-10 08:13:00",11196,12.41,-8.23,81.6,2.963,3.998,45.82
"2026-03-10 08:14:00",11197,12.41,-8.15,82.3,2.269,3.399,50.8
"2026-03-10 08:15:00",11198,12.41,-8.05,82,2.069,3.965,33.62
"2026-03-10 08:16:00",11199,12.41,-8.04,80.8,2.552,4.798,42.05
"2026-03-10 08:17:00",11200,12.41,-8.09,80.5,2.716,3.399,64.77
"2026-03-10 08:18:00",11201,12.41,-8.13,80.2,1.938,2.299,53.5
"2026-03-10 08:19:00",11202,12.41,-8.22,80.5,2.749,3.532,71.29
"2026-03-10 08:20:00",11203,12.41,-8.15,81.3,2.182,2.999,39.05
"2026-03-10 08:21:00",11204,12.41,-8.04,81.6,2.377,3.099,48.82
"2026-03-10 08:22:00",11205,12.41,-7.929,81.6,2.685,3.932,38.93
"2026-03-10 08:23:00",11206,12.41,-7.895,80.4,3.224,4.532,45.89
"2026-03-10 08:24:00",11207,12.41,-7.975,79.78,3.793,4.731,30.59
"2026-03-10 08:25:00",11208,12.41,-8.05,80.4,3.093,3.699,73.56
"2026-03-10 08:26:00",11209,12.41,-8.07,80.1,1.769,2.732,96.1
"2026-03-10 08:27:00",11210,12.41,-8.21,79.41,2.03,2.632,99.1
"2026-03-10 08:28:00",11211,12.41,-8.34,79.44,1.616,2.266,97.3
"2026-03-10 08:29:00",11212,12.41,-8.45,79.44,0.192,0.9,97.1
"2026-03-10 08:30:00",11213,12.41,-8.54,79.68,0.528,1.499,73.49
"2026-03-10 08:31:00",11214,12.41,-8.55,80.1,1.194,2.033,71.43
"2026-03-10 08:32:00",11215,12.41,-8.54,80.7,1.58,2.599,87.4
"2026-03-10 08:33:00",11216,12.41,-8.5,80.5,0.211,0.966,87.7
"2026-03-10 08:34:00",11217,12.41,-8.52,80.3,0.819,2.066,161.9
"2026-03-10 08:35:00",11218,12.4,-8.56,79.85,0.825,2.299,262.1
"2026-03-10 08:36:00",11219,12.4,-8.61,80.9,0.736,1.566,2.102
"2026-03-10 08:37:00",11220,12.4,-8.54,82,5.09,9.53,52.05
"2026-03-10 08:38:00",11221,12.4,-8.32,81.6,5.351,9.1,100.6
"2026-03-10 08:39:00",11222,12.4,-8.13,81.4,3.271,4.731,42.19
"2026-03-10 08:40:00",11223,12.4,-7.995,80.5,4.568,5.065,54.32
"2026-03-10 08:41:00",11224,12.4,-7.856,80.1,5.32,5.864,46.64
"2026-03-10 08:42:00",11225,12.4,-7.725,79.5,5.576,6.631,42.38
"2026-03-10 08:43:00",11226,12.4,-7.609,78.89,5.24,5.798,48.33
"2026-03-10 08:44:00",11227,12.4,-7.569,78.34,4.026,4.465,43.3
"2026-03-10 08:45:00",11228,12.4,-7.524,78.34,4.068,4.365,49.87
"2026-03-10 08:46:00",11229,12.4,-7.493,77.63,4.034,4.465,59.68
"2026-03-10 08:47:00",11230,12.4,-7.539,77.86,4.931,5.331,49.41
"2026-03-10 08:48:00",11231,12.4,-7.559,78.44,5.131,6.131,50.5
"2026-03-10 08:49:00",11232,12.4,-7.503,78.78,6.836,7.864,64.22
"2026-03-10 08:50:00",11233,12.4,-7.449,78.44,5.698,7.13,68.45
"2026-03-10 08:51:00",11234,12.4,-7.477,78.38,4.462,4.931,72.1
"2026-03-10 08:52:00",11235,12.4,-7.559,79.06,3.743,4.665,73.84
"2026-03-10 08:53:00",11236,12.4,-7.565,79.84,5.545,7.664,61.98
"2026-03-10 08:54:00",11237,12.4,-7.489,79.56,6.481,7.53,68.02
"2026-03-10 08:55:00",11238,12.4,-7.48,79.56,4.768,6.064,65.21
"2026-03-10 08:56:00",11239,12.4,-7.506,79.43,4.004,4.698,56.44
"2026-03-10 08:57:00",11240,12.4,-7.557,79.39,4.49,5.598,86.6
"2026-03-10 08:58:00",11241,12.4,-7.614,80.4,4.462,5.098,74.9
"2026-03-10 08:59:00",11242,12.4,-7.631,80.3,4.418,5.098,70.55
"2026-03-10 09:00:00",11243,12.4,-7.685,80,4.104,5.631,53.86
"2026-03-10 09:01:00",11244,12.4,-7.656,80.3,8.31,9.56,52.7
"2026-03-10 09:02:00",11245,12.4,-7.466,79.43,8.22,10,58.13
"2026-03-10 09:03:00",11246,12.4,-7.39,79.22,7.83,8.5,52.53
"2026-03-10 09:04:00",11247,12.4,-7.344,79.02,6.325,7.63,59.99
"2026-03-10 09:05:00",11248,12.4,-7.336,79.43,6.42,7.564,48.35
"2026-03-10 09:06:00",11249,12.41,-7.299,79.8,9.36,11,56.35
"2026-03-10 09:07:00",11250,12.4,-7.222,79.7,7.511,8.8,68.86
"2026-03-10 09:08:00",11251,12.4,-7.152,79.39,7.361,9,46.08
"2026-03-10 09:09:00",11252,12.41,-7.064,78.85,8.32,11.63,57.26
"2026-03-10 09:10:00",11253,12.4,-7.044,78.85,8.43,11.33,40.45
"2026-03-10 09:11:00",11254,12.4,-6.964,78.41,6.567,7.93,51.08
"2026-03-10 09:12:00",11255,12.41,-6.993,78.51,6.872,8.4,43.08
"2026-03-10 09:13:00",11256,12.41,-7.055,78.88,7.858,8.96,48.18
"2026-03-10 09:14:00",11257,11.68,-7.118,79.22,6.892,8.16,52.62
"2026-03-10 09:15:00",11258,12.58,-7.177,79.39,6.389,7.597,56.1
"2026-03-10 09:16:00",11259,12.58,-7.228,79.5,6.417,7.93,46.85
"2026-03-10 09:17:00",11260,12.58,-7.291,80.4,8.23,10.43,41.46
"2026-03-10 09:18:00",11261,12.59,-7.205,80.3,8.37,9.56,21.46
"2026-03-10 09:19:00",11262,12.59,-7.12,79.97,8.98,10.2,29.24
"2026-03-10 09:20:00",11263,11.89,-7.115,79.46,6.209,9.4,34.26
"2026-03-10 09:21:00",11264,11.93,-7.109,79.36,8.64,9.19,33.17
