"TOA5","CR850_Kayleigh","CR800","19785","CR800.Std.32.06","CPU:mini_AWS_Kayleigh.CR8","62587","Res_data_1_min"
"TIMESTAMP","RECORD","BattV","temperature","rel_humidity","wind_speed","gust_speed","wind_direction"
"TS","RN","Volts","degC","%","m/s","m/s","deg"
"","","Min","Avg","Smp","Avg","Max","Smp"
"2026-03-03 12:59:00",1402,12.7,-5.787,91.8,12.71,14.76,67.01
"2026-03-03 13:00:00",1403,12.57,-5.768,91.9,13.27,15.26,67.63
"2026-03-03 13:01:00",1404,12.58,-5.819,92,13.15,14.29,60.88
"2026-03-03 13:02:00",1405,12.56,-5.836,92.1,14.25,15.76,62.18
"2026-03-03 13:03:00",1406,12.72,-5.816,92.2,13.64,15.96,65.41
"2026-03-03 13:04:00",1407,12.72,-5.876,92.4,13.16,13.73,64.66
"2026-03-03 13:05:00",1408,12.72,-5.899,92.6,12.49,13.76,62.76
"2026-03-03 13:06:00",1409,12.71,-5.907,92.9,10.04,12.89,64.06
"2026-03-03 13:07:00",1410,12.71,-5.907,92.9,13.59,15.26,59.31
"2026-03-03 13:08:00",1411,12.72,-5.899,93.1,13.18,14.69,61.43
"2026-03-03 13:09:00",1412,12.72,-5.899,93.3,13.33,14.59,61.84
"2026-03-03 13:10:00",1413,12.73,-5.89,93.2,12.94,15.33,62.11
"2026-03-03 13:11:00",1414,12.73,-5.856,93.2,14.04,16.26,66.62
"2026-03-03 13:12:00",1415,12.73,-5.828,93.2,14.55,16.66,65.63
"2026-03-03 13:13:00",1416,12.73,-5.8,93,12.22,14.49,67.56
"2026-03-03 13:14:00",1417,12.73,-5.822,92.8,12.08,12.76,78.47
"2026-03-03 13:15:00",1418,12.73,-5.8,92.8,12.11,14.03,66.18
"2026-03-03 13:16:00",1419,12.73,-5.794,92.7,12.63,13.69,67.63
"2026-03-03 13:17:00",1420,12.73,-5.817,92.5,13.78,15.66,68.12
"2026-03-03 13:18:00",1421,12.73,-5.794,92.6,14.13,15.96,66.23
"2026-03-03 13:19:00",1422,12.74,-5.78,92.4,15.47,16.69,67.73
"2026-03-03 13:20:00",1423,12.74,-5.777,92.4,14.61,17.26,63.82
"2026-03-03 13:21:00",1424,12.74,-5.769,92.4,13.41,14.86,63.31
"2026-03-03 13:22:00",1425,12.74,-5.794,92.3,12.38,13.39,62.23
"2026-03-03 13:23:00",1426,12.74,-5.797,92.4,14.22,16.26,67.73
"2026-03-03 13:24:00",1427,12.74,-5.8,92.6,12.75,14.33,64.23
"2026-03-03 13:25:00",1428,12.74,-5.788,92.5,15.25,16.93,65.19
"2026-03-03 13:26:00",1429,12.74,-5.8,92.5,13.14,14.59,62.2
"2026-03-03 13:27:00",1430,12.74,-5.82,92.5,11.51,13.66,64.4
"2026-03-03 13:28:00",1431,12.75,-5.788,92.4,10.58,15.13,67.27
"2026-03-03 13:29:00",1432,12.75,-5.715,92.2,14.3,15.89,69.71
"2026-03-03 13:30:00",1433,12.75,-5.698,91.8,12.22,13.49,66.21
"2026-03-03 13:31:00",1434,12.75,-5.672,91.6,12.06,14.23,75.53
"2026-03-03 13:32:00",1435,12.75,-5.771,91.6,10.61,12.59,72.19
"2026-03-03 13:33:00",1436,12.75,-5.76,91.7,13.73,15.23,63.22
"2026-03-03 13:34:00",1437,12.75,-5.681,91.3,14.13,15.19,65.48
"2026-03-03 13:35:00",1438,12.75,-5.607,90.6,15.87,17.53,65.7
"2026-03-03 13:36:00",1439,12.75,-5.57,89.9,15.41,17.13,75.24
"2026-03-03 13:37:00",1440,12.75,-5.536,89.3,14.34,15.53,88.6
"2026-03-03 13:38:00",1441,12.75,-5.533,88.9,14.32,18.66,64.91
"2026-03-03 13:39:00",1442,12.75,-5.528,88.7,15.44,17.36,69.2
"2026-03-03 13:40:00",1443,12.75,-5.565,88.6,14.68,16.46,65.24
"2026-03-03 13:41:00",1444,12.75,-5.616,88.8,14.58,15.46,63.22
"2026-03-03 13:42:00",1445,12.75,-5.616,89,13.67,15.13,58.65
"2026-03-03 13:43:00",1446,12.75,-5.604,89,14.98,16.93,67.8
"2026-03-03 13:44:00",1447,12.75,-5.579,89,14.5,17.83,66.43
"2026-03-03 13:45:00",1448,12.75,-5.548,88.6,17.78,19.66,61.14
"2026-03-03 13:46:00",1449,12.75,-5.505,88.5,14.46,16.13,70
"2026-03-03 13:47:00",1450,12.75,-5.545,88.8,13.25,14.39,64.3
"2026-03-03 13:48:00",1451,12.75,-5.59,89.1,13.38,14.96,63.46
"2026-03-03 13:49:00",1452,12.75,-5.65,89.3,12.61,14.49,66.06
"2026-03-03 13:50:00",1453,12.75,-5.692,89.5,13.23,15.79,66.06
"2026-03-03 13:51:00",1454,12.75,-5.709,89.6,12.29,17.16,76.39
"2026-03-03 13:52:00",1455,12.75,-5.715,89.7,13.77,15.29,85.1
"2026-03-03 13:53:00",1456,12.75,-5.672,89.5,13.08,16.93,72.44
"2026-03-03 13:54:00",1457,12.75,-5.607,88.9,17.1,18.46,79.53
"2026-03-03 13:55:00",1458,12.75,-5.587,88.4,13.74,15.16,78.23
"2026-03-03 13:56:00",1459,12.75,-5.61,88.3,14.43,16.39,71.25
"2026-03-03 13:57:00",1460,12.75,-5.633,88.4,13.77,15.19,77.09
"2026-03-03 13:58:00",1461,12.75,-5.661,88.5,15.15,16.59,69.08
"2026-03-03 13:59:00",1462,12.75,-5.706,88.9,14.57,17.76,60.87
"2026-03-03 14:00:00",1463,12.75,-5.723,89,13.81,14.96,69.44
"2026-03-03 14:01:00",1464,12.75,-5.797,89.3,13.31,15.39,73.74
"2026-03-03 14:02:00",1465,12.75,-5.803,89.6,15.47,17.89,68.89
"2026-03-03 14:03:00",1466,12.75,-5.763,89.5,15.37,16.93,67.1
"2026-03-03 14:04:00",1467,12.75,-5.763,89.6,15.46,18.69,74.92
"2026-03-03 14:05:00",1468,12.75,-5.655,89.5,18.35,20.63,67.68
"2026-03-03 14:06:00",1469,12.75,-5.658,89.5,16.79,17.93,65.85
"2026-03-03 14:07:00",1470,12.75,-5.732,89.9,15.75,17.36,75.77
"2026-03-03 14:08:00",1471,12.75,-5.745,90.2,15.19,17.16,72.2
"2026-03-03 14:09:00",1472,12.75,-5.754,90.3,15.85,17.63,79.7
"2026-03-03 14:10:00",1473,12.75,-5.774,90.5,16.4,18.66,85
"2026-03-03 14:11:00",1474,12.75,-5.746,90.6,16.24,17.99,70.02
"2026-03-03 14:12:00",1475,12.75,-5.771,90.7,14.13,15.09,72.39
"2026-03-03 14:13:00",1476,12.75,-5.805,90.9,15.3,16.73,70.14
"2026-03-03 14:14:00",1477,12.75,-5.864,91.2,13.87,15.89,70
"2026-03-03 14:15:00",1478,12.75,-5.848,91.5,16.23,18.73,71.37
"2026-03-03 14:16:00",1479,12.75,-5.833,91.7,14.13,15.33,70.97
"2026-03-03 14:17:00",1480,12.75,-5.765,91.7,14.86,16.76,62.37
"2026-03-03 14:18:00",1481,12.75,-5.655,91.3,14.79,16.13,67.34
"2026-03-03 14:19:00",1482,12.75,-5.558,90.9,14.55,15.79,60.22
"2026-03-03 14:20:00",1483,12.75,-5.482,90.3,15.79,17.56,62.76
"2026-03-03 14:21:00",1484,12.75,-5.525,90,15.84,17.39,73.35
"2026-03-03 14:22:00",1485,12.75,-5.542,90.1,14.97,16.66,65.63
"2026-03-03 14:23:00",1486,12.75,-5.59,90.1,12.96,14.26,78.83
"2026-03-03 14:24:00",1487,12.75,-5.556,90,11.55,13.63,72.65
"2026-03-03 14:25:00",1488,12.75,-5.511,89.6,10.1,11.93,64.62
"2026-03-03 14:26:00",1489,12.75,-5.562,89.7,12.29,15.03,74.56
"2026-03-03 14:27:00",1490,12.75,-5.565,89.9,13.24,15.43,65.65
"2026-03-03 14:28:00",1491,12.75,-5.553,90.1,14.9,15.66,71.16
"2026-03-03 14:29:00",1492,12.75,-5.562,90,12.71,14.76,83.6
"2026-03-03 14:30:00",1493,12.75,-5.584,90,12.56,17.99,69.71
"2026-03-03 14:31:00",1494,12.75,-5.604,89.9,15.62,16.69,69.68
"2026-03-03 14:32:00",1495,12.75,-5.607,90.1,15.75,16.59,80.1
"2026-03-03 14:33:00",1496,12.75,-5.652,90.3,14.26,15.83,64.86
"2026-03-03 14:34:00",1497,12.75,-5.684,90.6,13.68,14.86,67.03
"2026-03-03 14:35:00",1498,12.75,-5.709,90.7,13.64,14.93,71.25
"2026-03-03 14:36:00",1499,12.75,-5.718,91,13.66,15.39,70.84
"2026-03-03 14:37:00",1500,12.75,-5.718,91,13.14,14.39,80.3
"2026-03-03 14:38:00",1501,12.75,-5.714,91,12.38,13.99,69.18
"2026-03-03 14:39:00",1502,12.75,-5.72,91,13.61,14.86,70.63
"2026-03-03 14:40:00",1503,12.75,-5.715,91,14.95,16.43,63.58
"2026-03-03 14:41:00",1504,12.75,-5.669,90.8,15.12,16.73,58.49
"2026-03-03 14:42:00",1505,12.75,-5.652,90.6,16.92,18.86,70.22
"2026-03-03 14:43:00",1506,12.75,-5.649,90.2,16.16,17.49,60.8
"2026-03-03 14:44:00",1507,12.75,-5.607,89.7,14.49,16.06,66.76
"2026-03-03 14:45:00",1508,12.75,-5.592,89.5,15.4,17.23,60.59
"2026-03-03 14:46:00",1509,12.75,-5.618,89.6,15.78,18.09,67.35
"2026-03-03 14:47:00",1510,12.75,-5.683,89.7,16.09,17.23,66.48
"2026-03-03 14:48:00",1511,12.75,-5.677,89.9,16.63,19.33,62.56
"2026-03-03 14:49:00",1512,12.75,-5.683,89.7,17.67,19.79,65.15
"2026-03-03 14:50:00",1513,12.75,-5.697,89.6,17.8,19.29,66.4
"2026-03-03 14:51:00",1514,12.75,-5.68,89.6,18.55,19.79,61.77
"2026-03-03 14:52:00",1515,12.75,-5.709,89.7,17.36,18.93,64.09
"2026-03-03 14:53:00",1516,12.75,-5.709,89.7,16.9,18.53,67.39
"2026-03-03 14:54:00",1517,12.75,-5.751,90,16.83,18.49,70.05
"2026-03-03 14:55:00",1518,12.75,-5.797,90.3,16.6,18.53,65.8
"2026-03-03 14:56:00",1519,12.75,-5.825,90.6,17.08,18.36,67.97
"2026-03-03 14:57:00",1520,12.75,-5.858,90.9,15.37,17.36,67.64
"2026-03-03 14:58:00",1521,12.75,-5.799,90.9,15.24,18.76,65.92
"2026-03-03 14:59:00",1522,12.75,-5.776,90.7,14.96,16.53,66.72
"2026-03-03 15:00:00",1523,12.75,-5.76,90.5,13.13,14.79,65.9
"2026-03-03 15:01:00",1524,12.75,-5.816,90.9,14.12,16.73,61.16
"2026-03-03 15:02:00",1525,12.75,-5.825,91.2,12.74,14.33,67.3
"2026-03-03 15:03:00",1526,12.75,-5.842,91.3,13.19,15.29,63.7
"2026-03-03 15:04:00",1527,12.75,-5.848,91.6,12.42,13.93,76.73
"2026-03-03 15:05:00",1528,12.75,-5.828,91.5,12.03,13.26,62.01
"2026-03-03 15:06:00",1529,12.75,-5.808,91.3,10.83,12.79,50.79
"2026-03-03 15:07:00",1530,12.75,-5.828,91.5,12.95,14.76,56.99
"2026-03-03 15:08:00",1531,12.75,-5.836,91.6,12.99,15.16,60.8
"2026-03-03 15:09:00",1532,12.75,-5.816,91.7,13.53,14.93,65.41
"2026-03-03 15:10:00",1533,12.75,-5.799,91.7,11.21,12.69,53.03
"2026-03-03 15:11:00",1534,12.75,-5.822,91.8,13.01,14.63,59.55
"2026-03-03 15:12:00",1535,12.75,-5.808,91.9,12.25,13.29,58.2
"2026-03-03 15:13:00",1536,12.75,-5.791,92,12,13.69,65.17
"2026-03-03 15:14:00",1537,12.75,-5.813,92.1,10.95,12.73,55.37
"2026-03-03 15:15:00",1538,12.75,-5.859,92.2,8.27,9.8,46.08
"2026-03-03 15:16:00",1539,12.75,-5.853,92.5,8.46,11.23,39.37
"2026-03-03 15:17:00",1540,12.75,-5.878,92.6,9.66,12.59,61.41
"2026-03-03 15:18:00",1541,12.75,-5.838,92.9,10.95,13.63,49.82
"2026-03-03 15:19:00",1542,12.75,-5.844,93,8.53,11.23,61.14
"2026-03-03 15:20:00",1543,12.75,-5.859,93,10.6,12.59,51.9
"2026-03-03 15:21:00",1544,12.75,-5.847,93.2,10.76,12.63,53.54
"2026-03-03 15:22:00",1545,12.75,-5.85,93.3,9.3,10.56,46.78
"2026-03-03 15:23:00",1546,12.75,-5.858,93.3,9.51,10.76,47.46
"2026-03-03 15:24:00",1547,12.75,-5.87,93.4,9.95,11.8,43.45
"2026-03-03 15:25:00",1548,12.75,-5.876,93.6,9.46,11.26,56.63
"2026-03-03 15:26:00",1549,12.75,-5.873,93.7,8.85,10.66,52.64
"2026-03-03 15:27:00",1550,12.75,-5.861,93.7,10.82,12.46,47.31
"2026-03-03 15:28:00",1551,12.75,-5.847,93.7,11.03,13.53,54.89
"2026-03-03 15:29:00",1552,12.75,-5.848,93.7,9.49,11.56,53.8
"2026-03-03 15:30:00",1553,12.75,-5.876,93.7,9.87,13.63,39.05
"2026-03-03 15:31:00",1554,12.75,-5.85,93.7,14.19,14.66,49.94
"2026-03-03 15:32:00",1555,12.75,-5.841,93.7,11.83,13.23,40.84
"2026-03-03 15:33:00",1556,12.75,-5.869,93.6,11.46,12.66,59.24
"2026-03-03 15:34:00",1557,12.75,-5.897,93.8,12.23,13.66,59.5
"2026-03-03 15:35:00",1558,12.75,-5.88,93.9,13.38,15.89,49.29
"2026-03-03 15:36:00",1559,12.75,-5.914,93.8,14.39,15.79,50.26
"2026-03-03 15:37:00",1560,12.75,-5.889,93.8,11.49,13.69,51.66
"2026-03-03 15:38:00",1561,12.75,-5.911,93.7,11.68,13.49,54.6
"2026-03-03 15:39:00",1562,12.75,-5.937,93.7,11.91,14.19,57.91
"2026-03-03 15:40:00",1563,12.75,-5.949,93.8,12.05,14.49,51
"2026-03-03 15:41:00",1564,12.75,-5.963,93.9,12.57,14.19,72.99
"2026-03-03 15:42:00",1565,12.75,-5.957,93.9,12.92,14.39,53.37
"2026-03-03 15:43:00",1566,12.75,-5.922,93.9,12.73,14.03,62.01
"2026-03-03 15:44:00",1567,12.75,-5.908,93.8,12.16,13.86,59.41
"2026-03-03 15:45:00",1568,12.75,-5.902,93.8,11.15,12.3,52.48
"2026-03-03 15:46:00",1569,12.75,-5.908,93.6,10.51,11.8,51.22
"2026-03-03 15:47:00",1570,12.75,-5.92,93.8,10.58,12.86,58.92
"2026-03-03 15:48:00",1571,12.75,-5.939,93.7,11.33,12.5,57.33
"2026-03-03 15:49:00",1572,12.75,-5.948,93.6,9.7,10.5,58.78
"2026-03-03 15:50:00",1573,12.75,-5.985,93.7,10.36,11.7,58.34
"2026-03-03 15:51:00",1574,12.75,-5.976,93.7,11.37,12.23,64.74
"2026-03-03 15:52:00",1575,12.75,-5.95,93.7,10.32,10.93,63.34
"2026-03-03 15:53:00",1576,12.75,-5.973,93.7,11.33,13.06,64.16
"2026-03-03 15:54:00",1577,12.75,-5.974,93.6,11.34,12.5,61.12
"2026-03-03 15:55:00",1578,12.75,-6,93.7,11.44,12.73,65.68
"2026-03-03 15:56:00",1579,12.75,-5.987,93.7,11.61,12.76,64.43
"2026-03-03 15:57:00",1580,12.75,-6.01,93.7,10.38,11.5,57.71
"2026-03-03 15:58:00",1581,12.75,-6.037,93.7,9.32,10.2,67.49
"2026-03-03 15:59:00",1582,12.75,-6.062,93.9,10.23,10.96,59.67
"2026-03-03 16:00:00",1583,12.75,-6.071,94,10.94,11.53,60.03
"2026-03-03 16:01:00",1584,12.75,-6.053,94.1,11.11,12.56,56.92
"2026-03-03 16:02:00",1585,12.75,-6.031,94.1,10.11,11,62.47
"2026-03-03 16:03:00",1586,12.75,-6.065,94.1,9.95,10.9,56.31
"2026-03-03 16:04:00",1587,12.75,-6.073,94.2,9.9,10.36,59.5
"2026-03-03 16:05:00",1588,12.75,-6.079,94.2,8.82,9.7,57.54
"2026-03-03 16:06:00",1589,12.75,-6.107,94.2,8.55,9.53,56.44
"2026-03-03 16:07:00",1590,12.75,-6.104,94.3,8.97,10.06,55.95
"2026-03-03 16:08:00",1591,12.75,-6.096,94.4,9.1,9.9,48.33
"2026-03-03 16:09:00",1592,12.75,-6.084,94.4,7.891,8.46,49.56
"2026-03-03 16:10:00",1593,12.75,-6.112,94.5,7.205,7.83,52.53
"2026-03-03 16:11:00",1594,12.75,-6.134,94.4,7.458,8.2,48.79
"2026-03-03 16:12:00",1595,12.75,-6.145,94.6,6.564,7.264,42.41
"2026-03-03 16:13:00",1596,12.75,-6.145,94.5,6.808,7.597,47.56
"2026-03-03 16:14:00",1597,12.75,-6.131,94.6,6.547,7.297,48.95
"2026-03-03 16:15:00",1598,12.75,-6.134,94.6,6.092,6.597,67.44
"2026-03-03 16:16:00",1599,12.75,-6.112,94.6,7.13,8.9,57.35
"2026-03-03 16:17:00",1600,12.75,-6.093,94.7,8.55,9.7,54.77
"2026-03-03 16:18:00",1601,12.75,-6.041,94.5,8.48,9.6,51.27
"2026-03-03 16:19:00",1602,12.75,-6.028,94.5,9.06,9.83,52.62
"2026-03-03 16:20:00",1603,12.75,-6.016,94.4,7.922,9.13,58.39
"2026-03-03 16:21:00",1604,12.75,-6.03,94.3,6.95,8.66,55.86
"2026-03-03 16:22:00",1605,12.75,-6.041,94.2,6.62,7.764,61.34
"2026-03-03 16:23:00",1606,12.75,-6.053,94.3,6.517,7.097,60.44
"2026-03-03 16:24:00",1607,12.75,-6.041,94.2,6.561,7.497,52.74
"2026-03-03 16:25:00",1608,12.75,-6.038,94.2,5.456,6.231,44.73
"2026-03-03 16:26:00",1609,12.75,-6.033,94.2,6.039,7.53,54.96
"2026-03-03 16:27:00",1610,12.75,-6.035,94.2,6.52,8.66,56.24
"2026-03-03 16:28:00",1611,12.75,-6.024,94.2,7.28,8.56,61.02
"2026-03-03 16:29:00",1612,12.75,-6.007,94.1,5.798,6.831,50.26
"2026-03-03 16:30:00",1613,12.75,-5.995,94.1,7.164,8.03,48.71
"2026-03-03 16:31:00",1614,12.75,-5.995,94,6.631,7.897,60.15
"2026-03-03 16:32:00",1615,12.75,-5.962,94,6.981,8.46,46.32
"2026-03-03 16:33:00",1616,12.75,-5.95,93.9,6.917,9.3,40.48
"2026-03-03 16:34:00",1617,12.75,-5.882,93.8,7.741,8.8,60.69
"2026-03-03 16:35:00",1618,12.75,-5.879,93.7,7.683,8.4,54.65
"2026-03-03 16:36:00",1619,12.75,-5.876,93.5,7.317,8.06,46.78
"2026-03-03 16:37:00",1620,12.75,-5.913,93.3,7.317,8.06,55.04
"2026-03-03 16:38:00",1621,12.75,-5.893,93.3,7.55,8.6,34.18
"2026-03-03 16:39:00",1622,12.75,-5.878,93.3,9.26,10.33,48.16
"2026-03-03 16:40:00",1623,12.75,-5.865,93.1,9.97,11.36,44.83
"2026-03-03 16:41:00",1624,12.75,-5.873,92.9,10.13,11.16,50.74
"2026-03-03 16:42:00",1625,12.75,-5.887,92.9,8.65,9.9,49.2
"2026-03-03 16:43:00",1626,12.75,-5.913,93,9.95,11.13,52.94
"2026-03-03 16:44:00",1627,12.75,-5.892,93,8.42,10.13,59.07
"2026-03-03 16:45:00",1628,12.75,-5.887,93.1,7.55,8.73,48.4
"2026-03-03 16:46:00",1629,12.75,-5.919,93,8.18,11.46,50.89
"2026-03-03 16:47:00",1630,12.75,-5.89,93.2,9.35,11.8,50.4
"2026-03-03 16:48:00",1631,12.75,-5.874,93.2,7.089,8.53,50.6
"2026-03-03 16:49:00",1632,12.75,-5.868,93.4,8.69,12.89,58.75
"2026-03-03 16:50:00",1633,12.75,-5.709,93.1,7.839,9.7,62.69
"2026-03-03 16:51:00",1634,12.75,-5.67,92.8,8.21,9.5,34.45
"2026-03-03 16:52:00",1635,12.75,-5.729,92.7,8.6,10.93,50.26
"2026-03-03 16:53:00",1636,12.75,-5.684,92.6,11.15,12.5,53.37
"2026-03-03 16:54:00",1637,12.75,-5.681,92.4,9.92,12.3,50.91
"2026-03-03 16:55:00",1638,12.75,-5.741,92.4,9.32,10.9,51.61
"2026-03-03 16:56:00",1639,12.75,-5.663,92.7,11.08,13.86,72.49
"2026-03-03 16:57:00",1640,12.75,-5.482,91.7,7.161,10.06,42.82
"2026-03-03 16:58:00",1641,12.75,-5.485,90.9,8.71,9.43,47.27
"2026-03-03 16:59:00",1642,12.75,-5.589,91.2,8.37,10.06,74.25
"2026-03-03 17:00:00",1643,12.75,-5.532,91,6.528,8.36,45.46
"2026-03-03 17:01:00",1644,12.75,-5.606,91.1,8.63,9.73,60.76
"2026-03-03 17:02:00",1645,12.75,-5.521,90.9,10.07,11.4,69.4
"2026-03-03 17:03:00",1646,12.75,-5.348,89.6,10.68,13.53,69.23
"2026-03-03 17:04:00",1647,12.75,-5.215,88.3,9.32,10.53,62.5
"2026-03-03 17:05:00",1648,12.75,-5.147,87.3,8.26,10.5,23.15
"2026-03-03 17:06:00",1649,12.75,-5.243,87.6,5.545,6.897,35.61
"2026-03-03 17:07:00",1650,12.75,-5.331,88.3,7.031,8.76,40.15
"2026-03-03 17:08:00",1651,12.75,-5.425,88.7,8.18,9.76,58.15
"2026-03-03 17:09:00",1652,12.75,-5.422,88.8,10.21,12.36,71.46
"2026-03-03 17:10:00",1653,12.75,-5.291,87.9,10.02,11.93,55.52
"2026-03-03 17:11:00",1654,12.75,-5.257,87.4,7.877,9.06,57.74
"2026-03-03 17:12:00",1655,12.75,-5.325,87.6,8.79,9.43,43.21
"2026-03-03 17:13:00",1656,12.75,-5.414,88.2,8.02,9.1,38.33
"2026-03-03 17:14:00",1657,12.75,-5.501,88.8,8.95,9.93,57.21
"2026-03-03 17:15:00",1658,12.75,-5.512,89,8.45,9.63,51.68
"2026-03-03 17:16:00",1659,12.75,-5.529,89.3,8.44,10.5,70.56
"2026-03-03 17:17:00",1660,12.75,-5.535,89.4,7.18,8.16,56.54
"2026-03-03 17:18:00",1661,12.75,-5.561,89.3,6.198,7.797,40.12
"2026-03-03 17:19:00",1662,12.75,-5.606,89.7,8.77,10.43,58.37
"2026-03-03 17:20:00",1663,12.75,-5.615,90.1,5.986,8.9,42.51
"2026-03-03 17:21:00",1664,12.75,-5.652,90.3,7.572,9,33.55
"2026-03-03 17:22:00",1665,12.75,-5.663,90.6,6.583,8.3,71.99
"2026-03-03 17:23:00",1666,12.75,-5.573,90.2,7.183,10,44.73
"2026-03-03 17:24:00",1667,12.75,-5.553,89.8,6.553,7.764,51.59
"2026-03-03 17:25:00",1668,12.75,-5.573,89.7,6.572,6.997,47.65
"2026-03-03 17:26:00",1669,12.75,-5.647,90,5.703,6.564,70.87
"2026-03-03 17:27:00",1670,12.75,-5.626,90.2,5.17,6.464,38.04
"2026-03-03 17:28:00",1671,12.75,-5.577,90.2,7.866,9.86,44.83
"2026-03-03 17:29:00",1672,12.75,-5.625,90.3,7.019,8.43,49.22
"2026-03-03 17:30:00",1673,12.75,-5.699,90.4,5.573,7.497,43.57
"2026-03-03 17:31:00",1674,12.75,-5.747,90.8,8.29,8.93,50.38
"2026-03-03 17:32:00",1675,12.75,-5.778,91.2,6.436,7.297,33.29
"2026-03-03 17:33:00",1676,12.75,-5.829,91.4,6.817,7.897,42
"2026-03-03 17:34:00",1677,12.75,-5.866,91.7,6.664,8.06,23.54
"2026-03-03 17:35:00",1678,12.75,-5.735,91.6,6.006,7.397,71.51
"2026-03-03 17:36:00",1679,12.75,-5.662,91.2,9.24,12.03,79.98
"2026-03-03 17:37:00",1680,12.75,-5.509,90.2,7.225,8.86,36.07
"2026-03-03 17:38:00",1681,12.75,-5.563,89.9,7.069,8.86,28.15
"2026-03-03 17:39:00",1682,12.75,-5.504,89.6,9.36,10.63,48.57
"2026-03-03 17:40:00",1683,12.75,-5.373,88.7,11.25,13.79,58.54
"2026-03-03 17:41:00",1684,12.75,-5.248,87.6,13.91,14.53,59.89
"2026-03-03 17:42:00",1685,12.75,-5.115,86.3,9.19,11.83,58.9
"2026-03-03 17:43:00",1686,12.75,-5.072,85.9,9.29,12.99,77.61
"2026-03-03 17:44:00",1687,12.75,-5.033,85.5,9.76,12.56,61.85
"2026-03-03 17:45:00",1688,12.75,-5.022,85.2,9.69,10.93,41.42
"2026-03-03 17:46:00",1689,12.75,-5.09,85.8,8.15,10,79.37
"2026-03-03 17:47:00",1690,12.75,-5.181,85.9,10.04,13.36,41.3
"2026-03-03 17:48:00",1691,12.75,-5.325,87.3,8.5,10.5,51.32
"2026-03-03 17:49:00",1692,12.75,-5.294,87.2,10.65,12.99,68.17
"2026-03-03 17:50:00",1693,12.75,-5.169,86.3,11.65,13.19,68.2
"2026-03-03 17:51:00",1694,12.75,-5.058,85.4,11.53,13.23,82.6
"2026-03-03 17:52:00",1695,12.75,-5.008,84.7,9.99,12.53,70.59
"2026-03-03 17:53:00",1696,12.75,-4.942,84.3,11.07,12.59,76.36
"2026-03-03 17:54:00",1697,12.75,-4.948,84.1,9.8,11.5,65.81
"2026-03-03 17:55:00",1698,12.75,-4.945,83.9,12.31,14.76,74.57
"2026-03-03 17:56:00",1699,12.75,-4.889,83.6,11.66,13.76,70.61
"2026-03-03 17:57:00",1700,12.75,-4.873,83.5,11.98,13.76,75.22
"2026-03-03 17:58:00",1701,12.75,-4.865,83.3,9.76,10.66,70.05
"2026-03-03 17:59:00",1702,12.75,-4.864,83.2,9.66,11.1,53.04
"2026-03-03 18:00:00",1703,12.74,-4.983,84.7,10.25,12.2,60.62
"2026-03-03 18:01:00",1704,12.75,-5.017,84.7,9.88,11.2,69.98
"2026-03-03 18:02:00",1705,12.75,-5.022,84.6,9.53,10.66,80.9
"2026-03-03 18:03:00",1706,12.75,-5.017,84.5,8.4,9.36,63.15
"2026-03-03 18:04:00",1707,12.75,-5.09,85.1,8.52,9.53,55.14
"2026-03-03 18:05:00",1708,12.75,-5.209,85.9,8.91,13.09,58.06
"2026-03-03 18:06:00",1709,12.75,-5.263,86.4,8.53,10.7,50.6
"2026-03-03 18:07:00",1710,12.75,-5.305,86.4,6.964,7.93,40.68
"2026-03-03 18:08:00",1711,12.75,-5.347,86.5,6.975,8.36,54.41
"2026-03-03 18:09:00",1712,12.75,-5.452,87.2,6.789,8.8,49.68
"2026-03-03 18:10:00",1713,12.75,-5.541,87.9,5.517,6.064,50.67
"2026-03-03 18:11:00",1714,12.75,-5.62,88.5,7.366,8.53,50.45
"2026-03-03 18:12:00",1715,12.74,-5.705,89.2,7.425,8.46,49.32
"2026-03-03 18:13:00",1716,12.75,-5.759,89.9,7.975,8.7,49.73
"2026-03-03 18:14:00",1717,12.75,-5.77,90.4,7.364,9.3,51.18
"2026-03-03 18:15:00",1718,12.75,-5.778,90.7,7.561,8.16,40.12
"2026-03-03 18:16:00",1719,12.75,-5.812,91,8.26,9.4,47.22
"2026-03-03 18:17:00",1720,12.75,-5.821,91.3,8,8.93,45.5
"2026-03-03 18:18:00",1721,12.75,-5.841,91.5,8.2,8.8,47.56
"2026-03-03 18:19:00",1722,12.75,-5.815,91.6,7.866,8.8,53.69
"2026-03-03 18:20:00",1723,12.75,-5.764,91.6,6.489,7.497,51.18
"2026-03-03 18:21:00",1724,12.75,-5.725,91.4,5.853,7.83,43.48
"2026-03-03 18:22:00",1725,12.75,-5.738,91.4,7.058,8.23,40.41
"2026-03-03 18:23:00",1726,12.75,-5.735,91.5,7.167,8.43,69.04
"2026-03-03 18:24:00",1727,12.75,-5.709,91.3,5.945,7.564,37.9
"2026-03-03 18:25:00",1728,12.75,-5.735,91.3,7.069,8.53,48.81
"2026-03-03 18:26:00",1729,12.75,-5.763,91.3,7.694,8.7,55.86
"2026-03-03 18:27:00",1730,12.75,-5.778,91.3,6.778,7.33,53.83
"2026-03-03 18:28:00",1731,12.75,-5.801,91.3,7.494,9.03,65.64
"2026-03-03 18:29:00",1732,12.75,-5.806,91.3,6.881,7.63,52.99
"2026-03-03 18:30:00",1733,12.75,-5.817,91.2,7.031,8.4,61.05
"2026-03-03 18:31:00",1734,12.75,-5.84,91.4,7.725,8.43,59.24
"2026-03-03 18:32:00",1735,12.75,-5.84,91.5,7.033,7.997,56.73
"2026-03-03 18:33:00",1736,12.75,-5.786,91.6,8.23,9.16,44.88
"2026-03-03 18:34:00",1737,12.75,-5.764,91.5,6.214,7.097,57.33
"2026-03-03 18:35:00",1738,12.75,-5.767,91.4,6.178,6.464,63.32
"2026-03-03 18:36:00",1739,12.75,-5.762,91.4,6.45,7.064,56.49
"2026-03-03 18:37:00",1740,12.75,-5.781,91.5,7.036,7.53,58.52
"2026-03-03 18:38:00",1741,12.75,-5.769,91.7,6.65,7.33,65.18
"2026-03-03 18:39:00",1742,12.74,-5.801,91.8,5.142,5.831,45.05
"2026-03-03 18:40:00",1743,12.74,-5.814,91.8,4.34,5.331,54.51
"2026-03-03 18:41:00",1744,12.75,-5.835,91.9,4.72,5.698,89.4
"2026-03-03 18:42:00",1745,12.75,-5.804,92,4.898,5.931,56.83
"2026-03-03 18:43:00",1746,12.75,-5.821,92.2,4.432,4.898,51.44
"2026-03-03 18:44:00",1747,12.75,-5.819,92.3,5.081,5.698,46.42
"2026-03-03 18:45:00",1748,12.75,-5.824,92.5,5.859,6.497,50.84
"2026-03-03 18:46:00",1749,12.75,-5.798,92.6,5.973,6.997,39.3
"2026-03-03 18:47:00",1750,12.75,-5.801,92.7,6.772,7.864,55.67
"2026-03-03 18:48:00",1751,12.75,-5.767,92.9,5.998,6.931,49.95
"2026-03-03 18:49:00",1752,12.75,-5.75,93,6.2,6.631,46.62
"2026-03-03 18:50:00",1753,12.75,-5.767,93.2,5.831,6.431,55.14
"2026-03-03 18:51:00",1754,12.75,-5.745,93.2,5.042,5.964,55.09
"2026-03-03 18:52:00",1755,12.74,-5.756,93.4,4.026,5.098,50.6
"2026-03-03 18:53:00",1756,12.75,-5.781,93.4,3.699,4.232,53.95
"2026-03-03 18:54:00",1757,12.75,-5.778,93.4,4.132,4.998,59.58
"2026-03-03 18:55:00",1758,12.75,-5.767,93.5,2.91,3.599,52.07
"2026-03-03 18:56:00",1759,12.75,-5.755,93.7,2.477,3.265,54.61
"2026-03-03 18:57:00",1760,12.75,-5.775,93.6,5.004,7.764,47.73
"2026-03-03 18:58:00",1761,12.75,-5.724,93.7,6.761,7.93,43.43
"2026-03-03 18:59:00",1762,12.75,-5.69,93.6,6.447,7.864,41.38
"2026-03-03 19:00:00",1763,12.75,-5.668,93.5,6.608,7.164,44.78
"2026-03-03 19:01:00",1764,12.75,-5.657,93.3,5.678,6.131,43.67
"2026-03-03 19:02:00",1765,12.75,-5.665,93.3,6.098,6.864,44.27
"2026-03-03 19:03:00",1766,12.75,-5.653,93.3,5.137,5.698,34.33
"2026-03-03 19:04:00",1767,12.74,-5.658,93.2,4.848,5.598,42.58
"2026-03-03 19:05:00",1768,12.75,-5.659,93.3,4.793,5.798,45.92
"2026-03-03 19:06:00",1769,12.75,-5.654,93.2,5.09,5.731,54.32
"2026-03-03 19:07:00",1770,12.75,-5.682,93.3,5.042,5.698,55.52
"2026-03-03 19:08:00",1771,12.75,-5.688,93.4,5.201,6.198,36.65
"2026-03-03 19:09:00",1772,12.75,-5.668,93.4,7.397,8.46,45.05
"2026-03-03 19:10:00",1773,12.75,-5.631,93.4,6.184,6.997,45.92
"2026-03-03 19:11:00",1774,12.75,-5.616,93.5,5.495,6.231,41.5
"2026-03-03 19:12:00",1775,12.75,-5.603,93.5,5.673,6.198,54.12
"2026-03-03 19:13:00",1776,12.75,-5.569,93.5,3.96,5.265,40.99
"2026-03-03 19:14:00",1777,12.75,-5.555,93.3,3.748,4.198,42.24
"2026-03-03 19:15:00",1778,12.75,-5.569,93.2,3.821,4.965,52.29
"2026-03-03 19:16:00",1779,12.75,-5.581,93.1,4.298,5.265,41.69
"2026-03-03 19:17:00",1780,12.74,-5.573,93.1,4.77,5.265,41.64
"2026-03-03 19:18:00",1781,12.75,-5.598,93,6.475,7.364,61.46
"2026-03-03 19:19:00",1782,12.75,-5.584,93.1,6.542,7.297,51.51
"2026-03-03 19:20:00",1783,12.75,-5.615,93.2,6.25,6.697,52.19
"2026-03-03 19:21:00",1784,12.75,-5.606,93.1,6.431,6.631,46.45
"2026-03-03 19:22:00",1785,12.75,-5.558,93,5.717,6.464,44.27
"2026-03-03 19:23:00",1786,12.75,-5.529,93,5.001,6.964,59.14
"2026-03-03 19:24:00",1787,12.74,-5.479,92.9,3.885,4.998,51.03
"2026-03-03 19:25:00",1788,12.75,-5.476,92.5,6.681,7.83,52.19
"2026-03-03 19:26:00",1789,12.75,-5.465,92.3,6.95,7.864,62.76
"2026-03-03 19:27:00",1790,12.75,-5.49,91.9,6.167,6.597,55.21
"2026-03-03 19:28:00",1791,12.75,-5.493,91.7,7.053,8.46,60.4
"2026-03-03 19:29:00",1792,12.74,-5.521,91.7,6.847,7.564,53.95
"2026-03-03 19:30:00",1793,12.75,-5.518,91.5,6.922,7.53,46.33
"2026-03-03 19:31:00",1794,12.75,-5.538,91.5,8.09,9.16,54.73
"2026-03-03 19:32:00",1795,12.75,-5.567,91.4,7.175,8.13,54.72
"2026-03-03 19:33:00",1796,12.75,-5.579,91.4,6,6.431,58.88
"2026-03-03 19:34:00",1797,12.75,-5.61,91.5,6.367,6.997,61.31
"2026-03-03 19:35:00",1798,12.75,-5.593,91.3,6.259,7.797,46.32
"2026-03-03 19:36:00",1799,12.75,-5.629,91.3,7.247,7.497,53.13
"2026-03-03 19:37:00",1800,12.75,-5.626,91.4,6.617,7.497,57.91
"2026-03-03 19:38:00",1801,12.74,-5.638,91.3,7.097,8.3,55.93
"2026-03-03 19:39:00",1802,12.75,-5.661,91.4,7.689,8.13,63.78
"2026-03-03 19:40:00",1803,12.75,-5.654,91.5,6.411,6.931,58.93
"2026-03-03 19:41:00",1804,12.75,-5.652,91.4,6.334,7.497,59.43
"2026-03-03 19:42:00",1805,12.74,-5.674,91.5,7.805,9.33,69.38
"2026-03-03 19:43:00",1806,12.75,-5.646,91.6,7.469,8.3,55.16
"2026-03-03 19:44:00",1807,12.75,-5.613,91.4,7.408,7.997,56
"2026-03-03 19:45:00",1808,12.75,-5.604,91.3,6.894,7.264,54.92
"2026-03-03 19:46:00",1809,12.75,-5.622,91.3,7.219,8.43,68.22
"2026-03-03 19:47:00",1810,12.75,-5.642,91.3,8.16,8.9,54.55
"2026-03-03 19:48:00",1811,12.75,-5.69,91.5,8.12,8.7,56.07
"2026-03-03 19:49:00",1812,12.75,-5.741,91.7,7.533,8.2,75.94
"2026-03-03 19:50:00",1813,12.75,-5.703,91.8,6.234,9.2,74.98
"2026-03-03 19:51:00",1814,12.75,-5.705,91.9,7.25,9,53.95
"2026-03-03 19:52:00",1815,12.75,-5.702,91.9,8.11,8.86,57.86
"2026-03-03 19:53:00",1816,12.75,-5.722,91.8,7.755,9.06,56.83
"2026-03-03 19:54:00",1817,12.74,-5.733,91.9,7.089,7.864,60.88
"2026-03-03 19:55:00",1818,12.75,-5.76,92,7.583,8.6,49.78
"2026-03-03 19:56:00",1819,12.75,-5.765,92.2,9.04,9.83,62.14
"2026-03-03 19:57:00",1820,12.75,-5.776,92.3,7.877,8.76,67.18
"2026-03-03 19:58:00",1821,12.75,-5.747,92.3,7.7,9.23,67.79
"2026-03-03 19:59:00",1822,12.75,-5.767,92.3,5.784,6.531,48.86
"2026-03-03 20:00:00",1823,12.75,-5.77,92.3,6.259,7.031,52.99
"2026-03-03 20:01:00",1824,12.75,-5.739,92.3,5.839,6.697,55.19
"2026-03-03 20:02:00",1825,12.75,-5.696,92.1,4.059,4.665,53.88
"2026-03-03 20:03:00",1826,12.75,-5.708,92,4.42,5.531,52.38
"2026-03-03 20:04:00",1827,12.75,-5.751,92,5.85,6.364,49.56
"2026-03-03 20:05:00",1828,12.75,-5.756,92,6.844,7.43,54.07
"2026-03-03 20:06:00",1829,12.75,-5.756,92.2,7.208,8.3,50.93
"2026-03-03 20:07:00",1830,12.75,-5.742,92.2,6.117,6.531,45.38
"2026-03-03 20:08:00",1831,12.75,-5.782,92.3,6.247,6.631,39.54
"2026-03-03 20:09:00",1832,12.75,-5.787,92.3,6.3,6.797,42.97
"2026-03-03 20:10:00",1833,12.75,-5.839,92.4,5.859,6.564,53.3
"2026-03-03 20:11:00",1834,12.74,-5.847,92.6,6.098,6.431,45.72
"2026-03-03 20:12:00",1835,12.75,-5.835,92.9,5.992,6.564,52.94
"2026-03-03 20:13:00",1836,12.75,-5.878,92.9,5.612,6.198,54.12
"2026-03-03 20:14:00",1837,12.75,-5.92,93,5.753,6.264,62.11
"2026-03-03 20:15:00",1838,12.75,-5.903,93.1,5.623,6.064,59.92
"2026-03-03 20:16:00",1839,12.75,-5.923,93.2,6.089,7.031,48.45
"2026-03-03 20:17:00",1840,12.75,-5.914,93.2,8.04,9.23,61.46
"2026-03-03 20:18:00",1841,12.75,-5.92,93.2,7.183,8.83,58.23
"2026-03-03 20:19:00",1842,12.74,-5.946,93.3,7.997,9,51.06
"2026-03-03 20:20:00",1843,12.75,-5.938,93.2,8.01,8.83,54.02
"2026-03-03 20:21:00",1844,12.75,-5.967,93.3,8.06,9.26,49.63
"2026-03-03 20:22:00",1845,12.75,-5.972,93.3,8.16,8.8,52.58
"2026-03-03 20:23:00",1846,12.75,-5.987,93.4,7.975,8.83,63.44
"2026-03-03 20:24:00",1847,12.75,-5.987,93.4,6.9,8.43,49.58
"2026-03-03 20:25:00",1848,12.75,-5.998,93.5,8.04,9.46,65.03
"2026-03-03 20:26:00",1849,12.75,-6.009,93.5,7.7,9.16,61.65
"2026-03-03 20:27:00",1850,12.75,-5.979,93.6,7.261,7.864,62.04
"2026-03-03 20:28:00",1851,12.75,-5.962,93.5,6.789,8.1,56.29
"2026-03-03 20:29:00",1852,12.75,-5.956,93.4,6.353,7.23,59.96
"2026-03-03 20:30:00",1853,12.75,-5.962,93.5,6.981,8.5,58.95
"2026-03-03 20:31:00",1854,12.75,-5.913,93.4,8.34,10.56,50.43
"2026-03-03 20:32:00",1855,12.75,-5.914,93.1,7.569,9.23,47.89
"2026-03-03 20:33:00",1856,12.75,-5.93,93.1,8.24,9.46,58.3
"2026-03-03 20:34:00",1857,12.75,-5.865,93.2,7.555,9.7,43.76
"2026-03-03 20:35:00",1858,12.75,-5.855,92.8,7.844,9.03,41.98
"2026-03-03 20:36:00",1859,12.75,-5.873,92.7,6.795,8.13,44.08
"2026-03-03 20:37:00",1860,12.75,-5.935,92.6,5.173,5.698,44.27
"2026-03-03 20:38:00",1861,12.75,-5.949,92.6,5.056,5.365,43.02
"2026-03-03 20:39:00",1862,12.75,-5.98,92.6,5.937,7.33,38.43
"2026-03-03 20:40:00",1863,12.75,-5.964,92.8,5.803,6.864,24.89
"2026-03-03 20:41:00",1864,12.75,-6.006,92.6,4.412,5.731,50.28
"2026-03-03 20:42:00",1865,12.75,-5.992,92.9,6.892,8.03,40.19
"2026-03-03 20:43:00",1866,12.75,-5.881,92.8,6.917,7.764,40.65
"2026-03-03 20:44:00",1867,12.75,-5.912,92.5,6.456,7.364,53.66
"2026-03-03 20:45:00",1868,12.75,-5.932,92.4,6.967,7.797,49.03
"2026-03-03 20:46:00",1869,12.75,-5.929,92.5,6.267,7.63,30.34
"2026-03-03 20:47:00",1870,12.74,-5.992,92.5,7.769,9.23,28.17
"2026-03-03 20:48:00",1871,12.75,-6.029,92.6,7.028,7.864,35
"2026-03-03 20:49:00",1872,12.75,-6.094,92.8,7.516,8.03,23.34
"2026-03-03 20:50:00",1873,12.75,-6.159,93.1,6.345,6.997,24.19
"2026-03-03 20:51:00",1874,12.75,-6.207,93.3,7.744,8.9,49.41
"2026-03-03 20:52:00",1875,12.75,-6.233,93.7,8.13,8.93,31.58
"2026-03-03 20:53:00",1876,12.75,-6.266,93.9,6.7,8.06,42.53
"2026-03-03 20:54:00",1877,12.75,-6.254,94.1,6.567,7.63,56.3
"2026-03-03 20:55:00",1878,12.75,-6.209,94.3,6.85,7.33,42.17
"2026-03-03 20:56:00",1879,12.75,-6.237,94.3,7.153,7.997,43.79
"2026-03-03 20:57:00",1880,12.75,-6.235,94.4,7.017,7.73,38.38
"2026-03-03 20:58:00",1881,12.75,-6.257,94.4,6.653,7.23,44.25
"2026-03-03 20:59:00",1882,12.75,-6.301,94.5,7.669,8.36,27.76
"2026-03-03 21:00:00",1883,12.75,-6.293,94.5,8.13,9.26,42.61
"2026-03-03 21:01:00",1884,12.75,-6.306,94.5,6.844,7.697,45.53
"2026-03-03 21:02:00",1885,12.75,-6.306,94.5,6.475,7.364,48.96
"2026-03-03 21:03:00",1886,12.75,-6.306,94.6,7.608,8.76,44.51
"2026-03-03 21:04:00",1887,12.74,-6.29,94.6,7.866,8.33,48.62
"2026-03-03 21:05:00",1888,12.75,-6.284,94.6,7.239,7.93,51.37
"2026-03-03 21:06:00",1889,12.75,-6.292,94.5,6.703,7.73,42.37
"2026-03-03 21:07:00",1890,12.75,-6.28,94.4,5.079,7.33,48.26
"2026-03-03 21:08:00",1891,12.75,-6.307,94.4,7.658,8.66,41.64
"2026-03-03 21:09:00",1892,12.75,-6.324,94.4,8.48,9.6,47.24
"2026-03-03 21:10:00",1893,12.75,-6.355,94.3,9.1,10.46,46.76
"2026-03-03 21:11:00",1894,12.75,-6.379,94.3,9.11,10.33,40.36
"2026-03-03 21:12:00",1895,12.75,-6.365,94.4,7.353,8.7,46.4
"2026-03-03 21:13:00",1896,12.74,-6.317,94.4,7,7.697,37.56
"2026-03-03 21:14:00",1897,12.74,-6.317,94.4,7.619,8.9,38.75
"2026-03-03 21:15:00",1898,12.74,-6.303,94.2,7.686,8.66,43.28
"2026-03-03 21:16:00",1899,12.74,-6.319,94,7.65,8.46,32.81
"2026-03-03 21:17:00",1900,12.75,-6.325,94.1,8.17,8.8,50.19
"2026-03-03 21:18:00",1901,12.75,-6.354,94.1,6.806,7.53,31.86
"2026-03-03 21:19:00",1902,12.75,-6.377,94.1,7.044,8.16,36.86
"2026-03-03 21:20:00",1903,12.75,-6.357,94,7.761,8.2,49.2
"2026-03-03 21:21:00",1904,12.74,-6.339,94,5.703,7.33,40.27
"2026-03-03 21:22:00",1905,12.75,-6.325,93.9,6.714,7.53,35.53
"2026-03-03 21:23:00",1906,12.75,-6.322,93.9,6.725,7.664,39.33
"2026-03-03 21:24:00",1907,12.75,-6.305,93.8,8.06,8.86,43.33
"2026-03-03 21:25:00",1908,12.75,-6.302,93.7,7.533,9.3,42.32
"2026-03-03 21:26:00",1909,12.75,-6.29,93.6,6.511,7.43,27.01
"2026-03-03 21:27:00",1910,12.75,-6.282,93.3,5.151,5.998,21.1
"2026-03-03 21:28:00",1911,12.75,-6.313,93.1,2.893,4.532,12.26
"2026-03-03 21:29:00",1912,12.75,-6.319,93.1,5.923,8.46,24.74
"2026-03-03 21:30:00",1913,12.75,-6.262,92.9,7.08,8.53,20.64
"2026-03-03 21:31:00",1914,12.75,-6.189,92.6,8.73,11.33,40.24
"2026-03-03 21:32:00",1915,12.75,-6.189,92.1,6.014,8.5,32.76
"2026-03-03 21:33:00",1916,12.75,-6.186,91.8,5.812,7.864,17.67
"2026-03-03 21:34:00",1917,12.74,-6.184,91.7,8.13,13.16,59.58
"2026-03-03 21:35:00",1918,12.75,-6.081,91.1,6.414,7.664,28.41
"2026-03-03 21:36:00",1919,12.74,-6.075,90.7,5.867,6.531,55.67
"2026-03-03 21:37:00",1920,12.74,-6.047,90.3,6.386,8.06,37.01
"2026-03-03 21:38:00",1921,12.75,-6.08,90.2,7.075,7.93,36.91
"2026-03-03 21:39:00",1922,12.75,-6.156,90.3,7.566,8.23,41.93
"2026-03-03 21:40:00",1923,12.75,-6.199,90.5,5.828,7.031,37.83
"2026-03-03 21:41:00",1924,12.75,-6.188,90.7,7.655,12.36,53.74
"2026-03-03 21:42:00",1925,12.75,-6.077,89.9,3.693,9.43,99.3
"2026-03-03 21:43:00",1926,12.75,-5.961,88.7,4.518,8.1,71.02
"2026-03-03 21:44:00",1927,12.75,-5.859,87.7,2.91,5.998,24.91
"2026-03-03 21:45:00",1928,12.74,-5.873,87.5,4.84,6.131,38.72
"2026-03-03 21:46:00",1929,12.74,-5.947,87.5,6.95,8.7,59.58
"2026-03-03 21:47:00",1930,12.75,-5.91,86.9,9.33,11.03,64.26
"2026-03-03 21:48:00",1931,12.75,-5.848,85.6,11.44,13.06,89.3
"2026-03-03 21:49:00",1932,12.74,-5.811,84.7,8.78,10.76,77.52
"2026-03-03 21:50:00",1933,12.74,-5.834,84.7,8.54,9.96,69.04
"2026-03-03 21:51:00",1934,12.74,-5.834,84.7,9.27,11.1,55.89
"2026-03-03 21:52:00",1935,12.75,-5.823,84.1,8.23,9.73,57.41
"2026-03-03 21:53:00",1936,12.74,-5.846,83.8,11.16,13.76,71.26
"2026-03-03 21:54:00",1937,12.74,-5.891,83.6,6.878,8.76,65.83
"2026-03-03 21:55:00",1938,12.74,-5.978,83.9,7.514,8.5,59.53
"2026-03-03 21:56:00",1939,12.74,-6.075,84.5,10.12,13.63,56.18
"2026-03-03 21:57:00",1940,12.75,-6.083,85,9.03,14.96,53.93
"2026-03-03 21:58:00",1941,12.74,-6.128,85,8.95,9.73,60.86
"2026-03-03 21:59:00",1942,12.74,-6.23,85.7,9.16,10.23,62.19
"2026-03-03 22:00:00",1943,12.74,-6.298,86.3,9.26,10.43,53.06
"2026-03-03 22:01:00",1944,12.74,-6.409,87,8.28,9.86,53.01
"2026-03-03 22:02:00",1945,12.74,-6.491,87.7,9.61,13.13,57.53
"2026-03-03 22:03:00",1946,12.74,-6.358,87.2,9.46,13.33,48.6
"2026-03-03 22:04:00",1947,12.74,-6.346,86.9,11.14,15.16,74.79
"2026-03-03 22:05:00",1948,12.74,-6.185,85.6,9.4,12.79,78.68
"2026-03-03 22:06:00",1949,12.74,-6.088,84.5,8.67,11.83,77.45
"2026-03-03 22:07:00",1950,12.74,-6.087,84.6,8.85,12.43,56.13
"2026-03-03 22:08:00",1951,12.74,-6.073,84.1,9.57,13.76,55.17
"2026-03-03 22:09:00",1952,12.74,-5.997,83.2,11.16,15.86,67.28
"2026-03-03 22:10:00",1953,12.74,-5.938,82.5,11.54,14.73,68.88
"2026-03-03 22:11:00",1954,12.74,-5.944,81.7,9.13,11.43,73.68
"2026-03-03 22:12:00",1955,12.74,-5.932,81.9,7.561,9.33,52.73
"2026-03-03 22:13:00",1956,12.74,-5.966,80.9,8.02,9.46,54.34
"2026-03-03 22:14:00",1957,12.74,-6.025,80.2,10.37,12.53,90.6
"2026-03-03 22:15:00",1958,12.74,-5.974,79.33,7.236,10.6,78.39
"2026-03-03 22:16:00",1959,12.74,-5.901,78.41,4.476,7.997,42.8
"2026-03-03 22:17:00",1960,12.74,-5.954,78.95,7.894,11.56,56.59
"2026-03-03 22:18:00",1961,12.74,-5.909,78.68,7.955,10.93,63.4
"2026-03-03 22:19:00",1962,12.74,-5.963,78.78,9.27,13.06,76.96
"2026-03-03 22:20:00",1963,12.74,-5.921,78.07,5.709,7.397,49.83
"2026-03-03 22:21:00",1964,12.74,-5.885,77.67,5.692,9.86,47.13
"2026-03-03 22:22:00",1965,12.74,-5.901,77.8,9.25,13.13,81.1
"2026-03-03 22:23:00",1966,12.74,-5.903,77.81,10.07,14.13,66.28
"2026-03-03 22:24:00",1967,12.74,-5.906,77.64,7.836,11.33,74.17
"2026-03-03 22:25:00",1968,12.74,-5.937,78.08,8.07,12,70.57
"2026-03-03 22:26:00",1969,12.74,-5.977,78.28,8.88,11.83,68.88
"2026-03-03 22:27:00",1970,12.74,-6.042,78.83,9.07,9.9,81.7
"2026-03-03 22:28:00",1971,12.74,-6.044,78.86,7.214,8.6,65.65
"2026-03-03 22:29:00",1972,12.74,-6.098,78.96,7.725,11.63,90.2
"2026-03-03 22:30:00",1973,12.74,-6.084,78.9,3.476,9.6,143
"2026-03-03 22:31:00",1974,12.74,-6.086,78.56,3.904,6.264,48.63
"2026-03-03 22:32:00",1975,12.74,-6.082,78.18,5.714,8.13,51.67
"2026-03-03 22:33:00",1976,12.74,-6.161,78.69,7.652,8.83,81
"2026-03-03 22:34:00",1977,12.74,-6.158,78.62,7.061,9.33,57.27
"2026-03-03 22:35:00",1978,12.74,-6.149,78.66,5.417,8.53,60.75
"2026-03-03 22:36:00",1979,12.74,-6.095,78.25,5.559,8.76,64.52
"2026-03-03 22:37:00",1980,12.74,-6.032,77.37,7.269,12.43,85.6
"2026-03-03 22:38:00",1981,12.74,-5.962,76.28,4.859,6.964,114.1
"2026-03-03 22:39:00",1982,12.74,-5.97,76.41,7.827,10.1,67.9
"2026-03-03 22:40:00",1983,12.74,-5.959,75.94,7.877,9.56,87.3
"2026-03-03 22:41:00",1984,12.74,-5.891,75.56,4.04,6.064,76.81
"2026-03-03 22:42:00",1985,12.74,-5.891,74.99,8.36,11.1,64.35
"2026-03-03 22:43:00",1986,12.74,-5.879,75.7,7.264,8.76,74.56
"2026-03-03 22:44:00",1987,12.74,-5.896,74.2,5.834,6.964,33.25
"2026-03-03 22:45:00",1988,12.74,-6.177,77.13,6.725,9.46,76.2
"2026-03-03 22:46:00",1989,12.74,-6.219,78.08,9.93,11.16,60.29
"2026-03-03 22:47:00",1990,12.74,-6.171,77.44,9.44,12.66,61.76
"2026-03-03 22:48:00",1991,12.74,-6.168,77.27,8.09,8.9,56.43
"2026-03-03 22:49:00",1992,12.74,-6.216,77.16,7.605,9.26,72.29
"2026-03-03 22:50:00",1993,12.74,-6.154,75.87,6.55,8.63,64.03
"2026-03-03 22:51:00",1994,12.74,-6.338,78.08,8.43,9.8,55.29
"2026-03-03 22:52:00",1995,12.74,-6.525,80.4,8.13,8.56,51.96
"2026-03-03 22:53:00",1996,12.74,-6.658,81.3,7.589,8.16,66.91
"2026-03-03 22:54:00",1997,12.74,-6.746,81.3,5.995,7.197,100.7
"2026-03-03 22:55:00",1998,12.74,-6.61,80.4,5.573,7.33,77.8
"2026-03-03 22:56:00",1999,12.74,-6.457,80.1,5.912,7.564,44.48
"2026-03-03 22:57:00",2000,12.74,-6.658,80.8,5.34,5.798,45.83
"2026-03-03 22:58:00",2001,12.74,-6.871,81.8,4.856,5.298,39.99
"2026-03-03 22:59:00",2002,12.74,-6.964,82.8,3.626,4.532,36.36
"2026-03-03 23:00:00",2003,12.74,-6.893,82.6,1.791,2.666,39.38
"2026-03-03 23:01:00",2004,12.74,-6.97,82.3,0.236,0.966,79.63
"2026-03-03 23:02:00",2005,12.74,-7.092,82.1,0,0,103.4
"2026-03-03 23:03:00",2006,12.74,-7.208,82.1,0.73,1.666,222.6
"2026-03-03 23:04:00",2007,12.74,-7.282,82.9,0.519,1.566,256.4
"2026-03-03 23:05:00",2008,12.74,-7.318,82.9,1.688,3.898,344.6
"2026-03-03 23:06:00",2009,12.74,-7.361,83.2,3.79,4.731,354
"2026-03-03 23:07:00",2010,12.74,-7.352,83,1.738,2.499,0.072
"2026-03-03 23:08:00",2011,12.74,-7.412,83.5,4.451,5.265,4.008
"2026-03-03 23:09:00",2012,12.74,-7.324,83.8,4.829,5.298,6.978
"2026-03-03 23:10:00",2013,12.74,-7.248,84,4.096,4.865,10.46
"2026-03-03 23:11:00",2014,12.74,-7.202,83.4,3.96,4.198,10.84
"2026-03-03 23:12:00",2015,12.74,-7.154,84.1,3.424,4.198,346
"2026-03-03 23:13:00",2016,12.74,-7.072,83.4,2.585,3.465,10.96
"2026-03-03 23:14:00",2017,12.74,-7.038,83.7,2.713,3.499,322.1
"2026-03-03 23:15:00",2018,12.74,-6.959,83.6,3.39,4.065,351
"2026-03-03 23:16:00",2019,12.74,-6.927,82.9,2.824,3.165,47.13
"2026-03-03 23:17:00",2020,12.74,-6.893,82.7,2.238,3.332,5.94
"2026-03-03 23:18:00",2021,12.74,-6.874,81.9,2.249,3.165,21.49
"2026-03-03 23:19:00",2022,12.74,-6.956,80.7,1.652,2.099,37.04
"2026-03-03 23:20:00",2023,12.74,-7.114,79.78,1.075,1.666,57.71
"2026-03-03 23:21:00",2024,12.74,-7.276,80.1,1.272,2.199,48.34
"2026-03-03 23:22:00",2025,12.74,-7.335,80.7,2.041,3.232,23.42
"2026-03-03 23:23:00",2026,12.74,-7.347,81.8,3.968,4.865,27.72
"2026-03-03 23:24:00",2027,12.74,-7.282,82.4,5.187,6.397,65.1
"2026-03-03 23:25:00",2028,12.74,-7.046,82.9,7.322,8.76,67.66
"2026-03-03 23:26:00",2029,12.74,-6.978,82.9,8.14,8.6,73.6
"2026-03-03 23:27:00",2030,12.73,-7.078,83.3,7.433,7.83,65.12
"2026-03-03 23:28:00",2031,12.73,-7.061,84,6.142,6.731,58.96
"2026-03-03 23:29:00",2032,12.73,-7.12,83.7,4.74,5.298,47.08
"2026-03-03 23:30:00",2033,12.73,-7.171,83.7,4.64,5.531,22.26
"2026-03-03 23:31:00",2034,12.73,-7.341,82.6,2.699,3.798,23.28
"2026-03-03 23:32:00",2035,12.73,-7.381,83.2,2.943,4.032,22.31
"2026-03-03 23:33:00",2036,12.73,-7.44,82.7,2.516,3.299,38.29
"2026-03-03 23:34:00",2037,12.73,-7.528,83.2,2.777,3.765,49.79
"2026-03-03 23:35:00",2038,12.73,-7.483,84.5,3.368,3.699,32.26
"2026-03-03 23:36:00",2039,12.73,-7.474,84.1,3.454,4.432,8.11
"2026-03-03 23:37:00",2040,12.73,-7.61,84.4,4.445,4.798,28.27
"2026-03-03 23:38:00",2041,12.73,-7.54,85.6,3.754,4.432,339.6
"2026-03-03 23:39:00",2042,12.73,-7.466,85.6,3.771,5.298,34.6
"2026-03-03 23:40:00",2043,12.73,-7.489,85.7,3.015,4.665,14.29
"2026-03-03 23:41:00",2044,12.73,-7.605,84.7,3.735,4.365,34.72
"2026-03-03 23:42:00",2045,12.73,-7.882,84.5,4.659,7.164,54.76
"2026-03-03 23:43:00",2046,12.73,-7.806,86.1,6.011,6.464,56.07
"2026-03-03 23:44:00",2047,12.73,-7.746,86.6,5.745,5.964,71.33
"2026-03-03 23:45:00",2048,12.73,-7.755,87.2,6.17,7.264,49.74
"2026-03-03 23:46:00",2049,12.73,-7.71,87.4,5.306,6.164,47.93
"2026-03-03 23:47:00",2050,12.73,-7.65,88,6.967,7.264,50.83
"2026-03-03 23:48:00",2051,12.73,-7.528,88.6,6.131,7.164,53.36
"2026-03-03 23:49:00",2052,12.73,-7.423,89.7,5.234,6.031,48.63
"2026-03-03 23:50:00",2053,12.73,-7.375,89.9,5.381,6.497,50.61
"2026-03-03 23:51:00",2054,12.73,-7.324,89.8,4.465,5.531,12.6
"2026-03-03 23:52:00",2055,12.73,-7.446,89.6,4.759,5.731,10.04
"2026-03-03 23:53:00",2056,12.73,-7.506,89.7,5.062,5.498,4.684
"2026-03-03 23:54:00",2057,12.73,-7.616,89.1,4.251,4.831,0
"2026-03-03 23:55:00",2058,12.73,-7.735,89.3,4.343,4.765,5.264
"2026-03-03 23:56:00",2059,12.73,-7.786,89,4.704,6.897,16.52
"2026-03-03 23:57:00",2060,12.73,-7.772,89.5,5.712,6.731,3.429
"2026-03-03 23:58:00",2061,12.73,-7.78,89.5,5.676,6.931,14.44
"2026-03-03 23:59:00",2062,12.73,-7.698,89.7,4.007,4.532,0.145
"2026-03-04 00:00:00",2063,12.73,-7.758,89.1,5.714,7.23,19
"2026-03-04 00:01:00",2064,12.73,-7.831,89.2,6.722,7.197,24.82
"2026-03-04 00:02:00",2065,12.73,-7.687,89.5,5.109,6.031,10.19
"2026-03-04 00:03:00",2066,12.73,-7.778,88,4.482,4.865,22.31
"2026-03-04 00:04:00",2067,12.73,-7.874,87.7,5.637,6.364,11.83
"2026-03-04 00:05:00",2068,12.73,-7.84,87.6,5.067,5.398,44.09
"2026-03-04 00:06:00",2069,12.73,-7.925,86.4,5.859,8.33,7.147
"2026-03-04 00:07:00",2070,12.73,-7.939,87.3,7.791,8.5,13.38
"2026-03-04 00:08:00",2071,12.73,-7.823,87.8,7.847,9.76,24.63
"2026-03-04 00:09:00",2072,12.73,-7.627,87.6,6.22,7.031,14.2
"2026-03-04 00:10:00",2073,12.73,-7.486,87.1,6.011,7.264,4.153
"2026-03-04 00:11:00",2074,12.73,-7.463,86.4,6.653,7.364,12.05
"2026-03-04 00:12:00",2075,12.73,-7.525,85.4,5.462,5.831,13.96
"2026-03-04 00:13:00",2076,12.73,-7.625,85.4,4.834,5.498,46.21
"2026-03-04 00:14:00",2077,12.73,-7.837,84.8,2.949,3.399,110
"2026-03-04 00:15:00",2078,12.73,-8.01,84.9,1.608,2.666,27.6
"2026-03-04 00:16:00",2079,12.73,-8.17,84.7,1.733,2.766,97.9
"2026-03-04 00:17:00",2080,12.73,-8.27,85,1.419,2.599,88.6
"2026-03-04 00:18:00",2081,12.73,-8.32,85.4,0.283,1,76.35
"2026-03-04 00:19:00",2082,12.73,-8.32,85.5,0,0,97.8
"2026-03-04 00:20:00",2083,12.73,-8.39,85.3,0,0,54.23
"2026-03-04 00:21:00",2084,12.73,-8.46,85.6,0,0,75.19
"2026-03-04 00:22:00",2085,12.73,-8.51,85.6,0,0,107.6
"2026-03-04 00:23:00",2086,12.73,-8.58,85.3,0,0,108.2
"2026-03-04 00:24:00",2087,12.73,-8.68,85,0,0,160.4
"2026-03-04 00:25:00",2088,12.73,-8.91,83.8,0,0,174.1
"2026-03-04 00:26:00",2089,12.72,-9.17,83.9,0,0,174.4
"2026-03-04 00:27:00",2090,12.73,-9.38,84.6,0,0,174.4
"2026-03-04 00:28:00",2091,12.72,-9.44,85.7,0,0,174.4
"2026-03-04 00:29:00",2092,12.72,-9.44,86.2,0,0,174.4
"2026-03-04 00:30:00",2093,12.72,-9.42,86.7,0,0,174.4
"2026-03-04 00:31:00",2094,12.72,-9.35,87.1,0,0,174.1
"2026-03-04 00:32:00",2095,12.72,-9.18,87.7,0,0,62.74
"2026-03-04 00:33:00",2096,12.72,-9.02,88.2,0.008,0.1,62.64
"2026-03-04 00:34:00",2097,12.72,-8.86,88.6,0.802,1.066,49.31
"2026-03-04 00:35:00",2098,12.72,-8.7,89.1,1.871,3.365,36.51
"2026-03-04 00:36:00",2099,12.72,-8.5,90.1,3.143,3.965,35.5
"2026-03-04 00:37:00",2100,12.72,-8.34,90.2,3.604,4.432,19.9
"2026-03-04 00:38:00",2101,12.72,-8.16,90.2,3.823,4.598,50.18
"2026-03-04 00:39:00",2102,12.72,-8.01,90.3,4.576,6.131,49.6
"2026-03-04 00:40:00",2103,12.72,-7.773,90.4,4.862,6.064,38.25
"2026-03-04 00:41:00",2104,12.72,-7.569,90.3,2.607,4.498,31.93
"2026-03-04 00:42:00",2105,12.72,-7.495,90,2.174,3.432,40.55
"2026-03-04 00:43:00",2106,12.72,-7.478,89.6,3.86,4.565,20.72
"2026-03-04 00:44:00",2107,12.72,-7.497,89.1,3.918,4.665,49.63
"2026-03-04 00:45:00",2108,12.72,-7.633,88.2,2.738,3.265,56.99
"2026-03-04 00:46:00",2109,12.72,-7.831,87,3.232,4.165,59.68
"2026-03-04 00:47:00",2110,12.72,-7.825,87.8,4.942,5.498,64.53
"2026-03-04 00:48:00",2111,12.72,-7.741,88.5,4.798,5.831,84.2
"2026-03-04 00:49:00",2112,12.72,-7.783,88.3,2.718,3.565,93.7
"2026-03-04 00:50:00",2113,12.72,-7.837,88,1.286,1.733,93.9
"2026-03-04 00:51:00",2114,12.72,-7.837,88.2,1.011,1.599,93.8
"2026-03-04 00:52:00",2115,12.72,-7.738,88.8,2.28,3.399,76.46
"2026-03-04 00:53:00",2116,12.72,-7.61,89,5.584,12.56,61.37
"2026-03-04 00:54:00",2117,12.72,-7.446,89.2,7.802,12.83,71.27
"2026-03-04 00:55:00",2118,12.72,-7.324,88.3,6.906,7.63,74.82
"2026-03-04 00:56:00",2119,12.72,-7.36,87.3,6.386,7.564,84.5
"2026-03-04 00:57:00",2120,12.72,-7.252,86.9,6.989,8.76,78.18
"2026-03-04 00:58:00",2121,12.72,-7.141,85.5,7.208,8.43,57.58
"2026-03-04 00:59:00",2122,12.72,-7.123,84.7,8.65,10.76,63.13
"2026-03-04 01:00:00",2123,12.72,-7.145,85.5,8.82,9.93,60.81
"2026-03-04 01:01:00",2124,12.72,-7.171,85.1,5.992,7.597,47.51
"2026-03-04 01:02:00",2125,12.72,-7.407,84.8,3.985,4.365,53.13
"2026-03-04 01:03:00",2126,12.72,-7.606,85.5,4.193,4.532,48.01
"2026-03-04 01:04:00",2127,12.72,-7.731,86.2,5.081,7.164,83.3
"2026-03-04 01:05:00",2128,12.72,-7.592,86.8,7.155,8.73,75.64
"2026-03-04 01:06:00",2129,12.72,-7.499,86.6,10,11.46,82.8
"2026-03-04 01:07:00",2130,12.72,-7.374,86.6,9.78,10.8,82.6
"2026-03-04 01:08:00",2131,12.72,-7.266,86.9,9.41,10.43,62.19
"2026-03-04 01:09:00",2132,12.72,-7.265,86.9,9.33,11.3,81.3
"2026-03-04 01:10:00",2133,12.72,-7.325,87.1,7.8,9.6,79.22
"2026-03-04 01:11:00",2134,12.72,-7.396,87.5,6.994,8.23,59.63
"2026-03-04 01:12:00",2135,12.72,-7.436,87.8,8.06,9.86,49.75
"2026-03-04 01:13:00",2136,12.72,-7.484,88.1,8.13,8.83,42.96
"2026-03-04 01:14:00",2137,12.72,-7.485,88.8,9.77,12.16,75.81
"2026-03-04 01:15:00",2138,12.72,-7.411,89,10.3,11.86,84.4
"2026-03-04 01:16:00",2139,12.72,-7.325,88.8,9.21,10.63,70.52
"2026-03-04 01:17:00",2140,12.72,-7.257,88.5,9.43,10.7,73.93
"2026-03-04 01:18:00",2141,12.72,-7.144,88.3,9.76,11.2,76.46
"2026-03-04 01:19:00",2142,12.72,-7.079,87.9,8.95,9.8,70.96
"2026-03-04 01:20:00",2143,12.72,-7.127,87.9,8.78,9.3,78.78
"2026-03-04 01:21:00",2144,12.72,-7.084,88.2,9.55,10.46,76.27
"2026-03-04 01:22:00",2145,12.72,-6.971,88,9.23,10.4,86
"2026-03-04 01:23:00",2146,12.72,-7.006,87.8,9.1,10.66,90.1
"2026-03-04 01:24:00",2147,12.72,-7.048,88.1,6.475,7.664,91.5
"2026-03-04 01:25:00",2148,12.72,-7.116,88.2,6,6.931,90.2
"2026-03-04 01:26:00",2149,12.72,-7.134,88.4,6.484,7.197,82.7
"2026-03-04 01:27:00",2150,12.72,-7.176,88.6,5.937,6.431,62.28
"2026-03-04 01:28:00",2151,12.72,-7.272,88.6,5.323,5.831,30.72
"2026-03-04 01:29:00",2152,12.72,-7.38,88.7,4.704,5.398,34.2
"2026-03-04 01:30:00",2153,12.72,-7.437,88.9,3.218,3.998,43.9
"2026-03-04 01:31:00",2154,12.72,-7.488,89.1,2.557,4.931,43.66
"2026-03-04 01:32:00",2155,12.72,-7.483,89.5,5.542,7.597,59.51
"2026-03-04 01:33:00",2156,12.72,-7.46,89.8,7.38,9.06,70.98
"2026-03-04 01:34:00",2157,12.72,-7.452,90.3,8.2,9.3,51.32
"2026-03-04 01:35:00",2158,12.72,-7.486,90.4,8.65,9.63,53.88
"2026-03-04 01:36:00",2159,12.72,-7.574,90.5,9.72,10.96,54.92
"2026-03-04 01:37:00",2160,12.72,-7.63,90.7,9.27,10.73,63.32
"2026-03-04 01:38:00",2161,12.72,-7.653,91,7.858,10.13,69.31
"2026-03-04 01:39:00",2162,12.72,-7.497,91.2,9.94,11.86,81.6
"2026-03-04 01:40:00",2163,12.72,-7.372,91.3,10.18,11.33,79.36
"2026-03-04 01:41:00",2164,12.72,-7.31,91,8.03,9.83,64.67
"2026-03-04 01:42:00",2165,12.72,-7.35,90.6,8.11,9.46,69
"2026-03-04 01:43:00",2166,12.72,-7.367,90.4,8.03,9.63,58.54
"2026-03-04 01:44:00",2167,12.72,-7.469,90.2,7.952,9.4,53.37
"2026-03-04 01:45:00",2168,12.72,-7.591,90.1,6.306,7.297,55.06
"2026-03-04 01:46:00",2169,12.72,-7.676,90.1,6.642,7.197,57.89
"2026-03-04 01:47:00",2170,12.72,-7.687,90.4,6.858,7.497,57.55
"2026-03-04 01:48:00",2171,12.72,-7.764,91,7.344,9.03,57.91
"2026-03-04 01:49:00",2172,12.72,-7.704,91.2,8.27,9.16,56.78
"2026-03-04 01:50:00",2173,12.72,-7.65,91.2,8.44,9.1,57.38
"2026-03-04 01:51:00",2174,12.72,-7.642,90.9,6.842,7.397,55.66
"2026-03-04 01:52:00",2175,12.72,-7.668,90.5,5.953,6.431,59.84
"2026-03-04 01:53:00",2176,12.72,-7.697,90.4,4.776,5.664,67.28
"2026-03-04 01:54:00",2177,12.72,-7.745,90.1,4.582,5.098,68.25
"2026-03-04 01:55:00",2178,12.72,-7.804,90.1,5.567,6.464,79.55
"2026-03-04 01:56:00",2179,12.72,-7.799,90.2,6.708,7.864,70.56
"2026-03-04 01:57:00",2180,12.72,-7.78,90.2,5.484,6.631,86.4
"2026-03-04 01:58:00",2181,12.72,-7.811,90.1,4.251,6.531,61.82
"2026-03-04 01:59:00",2182,12.72,-7.782,90.2,5.065,6.297,75.85
"2026-03-04 02:00:00",2183,12.72,-7.739,90.1,4.656,6.397,64.11
"2026-03-04 02:01:00",2184,12.72,-7.689,90.3,5.8,6.164,48.73
"2026-03-04 02:02:00",2185,12.72,-7.655,90.2,4.348,5.231,50.04
"2026-03-04 02:03:00",2186,12.72,-7.703,89.9,4.601,6.031,60.18
"2026-03-04 02:04:00",2187,12.72,-7.666,89.9,3.043,4.098,66.75
"2026-03-04 02:05:00",2188,12.72,-7.559,89.9,3.687,4.931,74.91
"2026-03-04 02:06:00",2189,12.72,-7.525,89.5,2.091,2.632,76.16
"2026-03-04 02:07:00",2190,12.72,-7.598,88.8,1.563,1.733,76.5
"2026-03-04 02:08:00",2191,12.72,-7.533,88.6,2.171,2.432,92
"2026-03-04 02:09:00",2192,12.72,-7.573,88,2.654,4.698,123.1
"2026-03-04 02:10:00",2193,12.72,-7.53,87.2,3.168,4.498,60.03
"2026-03-04 02:11:00",2194,12.72,-7.522,86.1,3.712,4.965,62.16
"2026-03-04 02:12:00",2195,12.72,-7.532,84.5,5.775,6.531,60.03
"2026-03-04 02:13:00",2196,12.72,-7.728,82.2,6.259,6.631,55.44
"2026-03-04 02:14:00",2197,12.72,-7.705,83.8,5.559,6.364,58.29
"2026-03-04 02:15:00",2198,12.72,-7.649,83.4,3.929,4.898,37.04
"2026-03-04 02:16:00",2199,12.72,-7.825,82.1,1.949,2.499,26.13
"2026-03-04 02:17:00",2200,12.72,-7.989,83.5,3.549,4.132,28.59
"2026-03-04 02:18:00",2201,12.72,-7.93,84.8,3.138,3.832,34.82
"2026-03-04 02:19:00",2202,12.72,-7.887,85.4,2.621,3.532,46.03
"2026-03-04 02:20:00",2203,12.72,-7.887,85.4,1.797,2.732,41.87
"2026-03-04 02:21:00",2204,12.72,-7.884,85.6,2.016,2.799,35.11
"2026-03-04 02:22:00",2205,12.72,-7.856,86.3,2.413,2.899,29.73
"2026-03-04 02:23:00",2206,12.72,-7.813,86.4,1.866,2.066,62.08
"2026-03-04 02:24:00",2207,12.72,-7.839,86.5,1.483,2.999,58.13
"2026-03-04 02:25:00",2208,12.72,-7.813,86.8,2.166,2.599,42.62
"2026-03-04 02:26:00",2209,12.72,-7.804,86.9,4.232,4.798,67.62
"2026-03-04 02:27:00",2210,12.72,-7.774,86.8,4.429,4.865,58.1
"2026-03-04 02:28:00",2211,12.72,-7.802,86.6,4.681,5.464,59.62
"2026-03-04 02:29:00",2212,12.72,-7.817,86.2,5.092,5.831,61.7
"2026-03-04 02:30:00",2213,12.72,-7.811,86.7,6.745,7.564,64.48
"2026-03-04 02:31:00",2214,12.72,-7.584,87.1,7.142,9.03,70.97
"2026-03-04 02:32:00",2215,12.72,-7.433,86.9,5.448,6.264,81.3
"2026-03-04 02:33:00",2216,12.72,-7.388,85.7,5.82,6.497,74.98
"2026-03-04 02:34:00",2217,12.72,-7.448,84.8,4.718,5.598,61.1
"2026-03-04 02:35:00",2218,12.72,-7.563,85,4.917,6.198,56.75
"2026-03-04 02:36:00",2219,12.72,-7.631,85,4.601,5.065,73.94
"2026-03-04 02:37:00",2220,12.72,-7.758,84.9,3.485,3.798,57.09
"2026-03-04 02:38:00",2221,12.72,-7.852,85.3,3.332,3.632,52.53
"2026-03-04 02:39:00",2222,12.72,-7.869,85.8,4.246,6.997,65.47
"2026-03-04 02:40:00",2223,12.72,-7.759,86.7,6.944,8.2,52.14
"2026-03-04 02:41:00",2224,12.72,-7.668,86.6,5.448,6.198,48.52
"2026-03-04 02:42:00",2225,12.72,-7.727,86.1,5.351,6.231,57.45
"2026-03-04 02:43:00",2226,12.72,-7.719,86.2,5.592,6.364,51.15
"2026-03-04 02:44:00",2227,12.72,-7.767,86.2,6.339,6.864,58.73
"2026-03-04 02:45:00",2228,12.72,-7.761,86.3,5.084,6.131,52.48
"2026-03-04 02:46:00",2229,12.72,-7.79,86.1,5.117,6.497,52.62
"2026-03-04 02:47:00",2230,12.72,-7.846,85.9,5.759,7.83,51.1
"2026-03-04 02:48:00",2231,12.71,-7.73,87,7.319,9.13,67.64
"2026-03-04 02:49:00",2232,12.72,-7.56,86.6,6.708,7.63,70.9
"2026-03-04 02:50:00",2233,12.72,-7.444,86.2,6.128,8.43,62.5
"2026-03-04 02:51:00",2234,12.72,-7.37,85.9,7.325,8.5,52.57
"2026-03-04 02:52:00",2235,12.71,-7.395,85.1,6.014,7.13,65.18
"2026-03-04 02:53:00",2236,12.72,-7.498,84.7,5.478,6.064,69.89
"2026-03-04 02:54:00",2237,12.71,-7.568,85.1,5.875,6.831,64.14
"2026-03-04 02:55:00",2238,12.71,-7.538,85.3,7.006,8.1,59.94
"2026-03-04 02:56:00",2239,12.72,-7.345,84.6,6.486,8.83,41.32
"2026-03-04 02:57:00",2240,12.72,-7.231,83.5,7.539,8.86,59.17
"2026-03-04 02:58:00",2241,12.72,-7.22,83.9,8,8.96,54.92
"2026-03-04 02:59:00",2242,12.72,-7.206,83.7,6.981,8.33,56.36
"2026-03-04 03:00:00",2243,12.72,-7.242,83.4,7.519,8.5,58.27
"2026-03-04 03:01:00",2244,12.72,-7.268,83.5,6.47,7.63,78.08
"2026-03-04 03:02:00",2245,12.72,-7.197,84.3,7.033,7.864,56.17
"2026-03-04 03:03:00",2246,12.72,-7.194,83.8,5.026,5.698,55.38
"2026-03-04 03:04:00",2247,12.72,-7.199,84.8,5.098,5.931,54.53
"2026-03-04 03:05:00",2248,12.72,-7.157,85,4.523,5.265,60.33
"2026-03-04 03:06:00",2249,12.72,-7.143,85.1,3.66,4.265,38.11
"2026-03-04 03:07:00",2250,12.72,-7.183,85.2,2.294,3.699,62.93
"2026-03-04 03:08:00",2251,12.72,-7.192,85.1,1.56,1.999,27.05
"2026-03-04 03:09:00",2252,12.72,-7.262,85,0.633,1.699,34.92
"2026-03-04 03:10:00",2253,12.72,-7.297,85.2,0,0,34.99
"2026-03-04 03:11:00",2254,12.72,-7.371,85,2.091,3.765,60.61
"2026-03-04 03:12:00",2255,12.72,-7.402,85.2,1.808,2.466,82.8
"2026-03-04 03:13:00",2256,12.72,-7.484,84.8,0.253,0.933,103.2
"2026-03-04 03:14:00",2257,12.72,-7.594,84.5,0.344,1.566,100
"2026-03-04 03:15:00",2258,12.72,-7.626,84.8,4.992,7.064,122
"2026-03-04 03:16:00",2259,12.72,-7.294,83.7,6.606,7.597,74.09
"2026-03-04 03:17:00",2260,12.72,-7.093,82.1,8.02,9.4,90.7
"2026-03-04 03:18:00",2261,12.72,-6.886,81.3,7.358,9,116.4
"2026-03-04 03:19:00",2262,12.72,-6.719,79.66,6.889,9.33,76
"2026-03-04 03:20:00",2263,12.72,-6.62,79.28,7.547,8.8,100.1
"2026-03-04 03:21:00",2264,12.72,-6.588,79.32,6.453,8.26,90.8
"2026-03-04 03:22:00",2265,12.72,-6.656,78.6,6.372,7.264,80.6
"2026-03-04 03:23:00",2266,12.72,-6.727,78.7,6.345,6.697,75.22
"2026-03-04 03:24:00",2267,12.71,-6.809,79.69,7.1,7.997,66.51
"2026-03-04 03:25:00",2268,12.71,-6.883,80.2,6.492,7.83,52.21
"2026-03-04 03:26:00",2269,12.72,-6.999,80.9,5.617,6.531,32.12
"2026-03-04 03:27:00",2270,12.72,-7.104,81.8,4.476,5.198,43.03
"2026-03-04 03:28:00",2271,12.72,-7.115,83.1,5.301,6.631,49.65
"2026-03-04 03:29:00",2272,12.72,-7.115,83.2,5.104,6.431,68.73
"2026-03-04 03:30:00",2273,12.72,-7.084,84,5.878,7.397,87.2
"2026-03-04 03:31:00",2274,12.72,-7.095,84.5,5.834,6.897,56.27
"2026-03-04 03:32:00",2275,12.71,-7.109,84.9,4.965,5.798,62.79
"2026-03-04 03:33:00",2276,12.72,-7.197,84.8,4.557,5.964,64.91
"2026-03-04 03:34:00",2277,12.72,-7.18,85.3,4.645,6.564,23.81
"2026-03-04 03:35:00",2278,12.71,-7.245,85.3,4.395,5.898,15.41
"2026-03-04 03:36:00",2279,12.72,-7.313,85.6,3.935,4.831,18.6
"2026-03-04 03:37:00",2280,12.72,-7.393,85.8,3.632,4.232,26.61
"2026-03-04 03:38:00",2281,12.72,-7.407,86.3,2.896,3.265,23.04
"2026-03-04 03:39:00",2282,12.72,-7.456,86.3,2.521,3.132,29.51
"2026-03-04 03:40:00",2283,12.72,-7.47,86.5,4.048,5.198,45.74
"2026-03-04 03:41:00",2284,12.72,-7.354,86.5,3.482,5.431,55.78
"2026-03-04 03:42:00",2285,12.72,-7.289,86.1,2.033,3.065,47.26
"2026-03-04 03:43:00",2286,12.72,-7.252,85.6,3.91,4.498,40.04
"2026-03-04 03:44:00",2287,12.72,-7.215,85.4,4.92,6.597,38.73
"2026-03-04 03:45:00",2288,12.72,-7.161,85.6,5.634,6.397,34.77
"2026-03-04 03:46:00",2289,12.72,-7.122,85.6,5.517,5.864,30.16
"2026-03-04 03:47:00",2290,12.72,-7.128,85.7,4.637,5.131,24.78
"2026-03-04 03:48:00",2291,12.71,-7.21,85.4,3.771,4.365,19.46
"2026-03-04 03:49:00",2292,12.72,-7.29,85.8,4.393,4.831,19.27
"2026-03-04 03:50:00",2293,12.72,-7.284,86.2,4.529,6.164,23.38
"2026-03-04 03:51:00",2294,12.72,-7.25,85.8,4.97,6.264,27.43
"2026-03-04 03:52:00",2295,12.72,-7.233,86.1,4.248,5.131,24.1
"2026-03-04 03:53:00",2296,12.72,-7.187,86,3.873,4.598,11.74
"2026-03-04 03:54:00",2297,12.72,-7.179,86.1,3.862,4.098,14.63
"2026-03-04 03:55:00",2298,12.72,-7.27,85.8,3.143,3.665,11.16
"2026-03-04 03:56:00",2299,12.72,-7.287,86.4,3.846,4.332,14.73
"2026-03-04 03:57:00",2300,12.72,-7.28,86.3,3.932,4.398,19.37
"2026-03-04 03:58:00",2301,12.72,-7.333,86.3,4.668,5.131,29.68
"2026-03-04 03:59:00",2302,12.72,-7.347,86.5,4.559,5.198,22.29
"2026-03-04 04:00:00",2303,12.72,-7.398,86.7,5.487,5.898,24.82
"2026-03-04 04:01:00",2304,12.72,-7.362,87,5.326,5.598,17.39
"2026-03-04 04:02:00",2305,12.72,-7.356,87,4.987,5.631,22.26
"2026-03-04 04:03:00",2306,12.72,-7.345,87.3,4.77,5.398,24.58
"2026-03-04 04:04:00",2307,12.72,-7.339,87.4,4.659,4.998,25.28
"2026-03-04 04:05:00",2308,12.72,-7.37,87.6,4.612,4.898,31.92
"2026-03-04 04:06:00",2309,12.72,-7.342,87.9,4.818,5.165,31.05
"2026-03-04 04:07:00",2310,12.72,-7.286,88.1,4.129,4.965,33.2
"2026-03-04 04:08:00",2311,12.72,-7.295,88.3,4.612,5.531,16.27
"2026-03-04 04:09:00",2312,12.72,-7.301,88.3,3.674,4.931,38.59
"2026-03-04 04:10:00",2313,12.72,-7.306,88.3,4.423,5.198,26.8
"2026-03-04 04:11:00",2314,12.72,-7.258,88.5,3.89,4.698,39.82
"2026-03-04 04:12:00",2315,12.72,-7.243,88.3,4.337,4.831,41.7
"2026-03-04 04:13:00",2316,12.72,-7.212,88.4,5.85,7.93,33.15
"2026-03-04 04:14:00",2317,12.72,-7.077,87.9,4.768,6.297,35.4
"2026-03-04 04:15:00",2318,12.72,-7.06,87.1,4.445,5.998,31.97
"2026-03-04 04:16:00",2319,12.72,-7.074,86.5,4.87,6.597,23.42
"2026-03-04 04:17:00",2320,12.72,-7.156,86.7,4.523,5.165,18.11
"2026-03-04 04:18:00",2321,12.72,-7.219,86.6,4.326,5.165,30.88
"2026-03-04 04:19:00",2322,12.72,-7.281,87,4.282,4.831,25.93
"2026-03-04 04:20:00",2323,12.72,-7.338,87.2,4.262,4.665,32.89
"2026-03-04 04:21:00",2324,12.72,-7.358,87.6,4.173,4.598,25.3
"2026-03-04 04:22:00",2325,12.72,-7.423,87.6,3.929,4.698,22.07
"2026-03-04 04:23:00",2326,12.72,-7.425,88.4,5.331,5.998,34.24
"2026-03-04 04:24:00",2327,12.72,-7.323,88.5,4.609,5.431,24.97
"2026-03-04 04:25:00",2328,12.72,-7.312,88.7,4.859,5.298,32.4
"2026-03-04 04:26:00",2329,12.72,-7.303,88.7,4.068,4.898,20.94
"2026-03-04 04:27:00",2330,12.72,-7.263,89,3.815,4.598,16.42
"2026-03-04 04:28:00",2331,12.72,-7.269,89.2,4.568,5.231,25.26
"2026-03-04 04:29:00",2332,12.72,-7.142,89.4,5.456,6.064,39.5
"2026-03-04 04:30:00",2333,12.72,-7.063,88.9,5.384,5.998,48.8
"2026-03-04 04:31:00",2334,12.72,-6.986,88.6,4.679,6.464,75.92
"2026-03-04 04:32:00",2335,12.72,-6.929,88.2,3.943,4.232,61.52
"2026-03-04 04:33:00",2336,12.72,-6.941,87.7,3.785,4.465,14.13
"2026-03-04 04:34:00",2337,12.72,-6.958,87.3,3.074,4.132,42.84
"2026-03-04 04:35:00",2338,12.72,-7.04,86.8,2.568,3.165,36.41
"2026-03-04 04:36:00",2339,12.72,-7.103,87,3.138,4.532,38.39
"2026-03-04 04:37:00",2340,12.72,-7.148,86.9,2.324,2.799,21.3
"2026-03-04 04:38:00",2341,12.72,-7.25,87.1,2.26,2.599,9.9
"2026-03-04 04:39:00",2342,12.72,-7.332,86.9,1.569,2.199,23.04
"2026-03-04 04:40:00",2343,12.72,-7.494,86.6,2.335,2.866,61.26
"2026-03-04 04:41:00",2344,12.72,-7.55,87.4,2.874,3.432,56.84
"2026-03-04 04:42:00",2345,12.72,-7.494,87.7,2.366,3.132,33.85
"2026-03-04 04:43:00",2346,12.72,-7.497,87.7,1.18,1.699,24.58
"2026-03-04 04:44:00",2347,12.72,-7.514,87.6,0.164,0.833,18.25
"2026-03-04 04:45:00",2348,12.72,-7.627,86.7,0.094,0.833,246.9
"2026-03-04 04:46:00",2349,12.72,-7.84,85.8,0.153,0.666,299.1
"2026-03-04 04:47:00",2350,12.72,-7.979,86.1,0.608,1.266,262.8
"2026-03-04 04:48:00",2351,12.72,-8.09,86.7,0,0,263.7
"2026-03-04 04:49:00",2352,12.72,-8.11,87.6,0,0,263.1
"2026-03-04 04:50:00",2353,12.72,-8.03,88.3,0,0,263.6
"2026-03-04 04:51:00",2354,12.72,-7.992,88.3,0.086,0.766,0.58
"2026-03-04 04:52:00",2355,12.72,-7.975,88.3,1.424,2.299,7.679
"2026-03-04 04:53:00",2356,12.72,-8,88.3,2.768,3.332,16.18
"2026-03-04 04:54:00",2357,12.72,-8.02,88.5,3.454,3.998,29.51
"2026-03-04 04:55:00",2358,12.72,-7.924,89.2,3.996,4.498,31.73
"2026-03-04 04:56:00",2359,12.72,-7.799,89.5,4.42,4.965,34.43
"2026-03-04 04:57:00",2360,12.72,-7.637,89.9,4.418,4.931,48.78
"2026-03-04 04:58:00",2361,12.72,-7.503,90.2,3.152,3.932,19.22
"2026-03-04 04:59:00",2362,12.72,-7.529,90,3.19,3.532,34.05
"2026-03-04 05:00:00",2363,12.72,-7.461,90,2.885,3.465,36.27
"2026-03-04 05:01:00",2364,12.72,-7.483,89.8,1.877,2.299,34.82
"2026-03-04 05:02:00",2365,12.72,-7.577,89.5,0.747,1.599,82.5
"2026-03-04 05:03:00",2366,12.72,-7.741,89,0.311,1.033,126.6
"2026-03-04 05:04:00",2367,12.72,-7.817,89,1.733,3.699,132.2
"2026-03-04 05:05:00",2368,12.72,-7.74,89.6,1.066,2.566,80.4
"2026-03-04 05:06:00",2369,12.72,-7.65,89.8,0.242,1.233,57.04
"2026-03-04 05:07:00",2370,12.72,-7.633,89.8,0,0,61
"2026-03-04 05:08:00",2371,12.72,-7.664,89.6,0,0,60.71
"2026-03-04 05:09:00",2372,12.72,-7.76,88.6,0,0,58.39
"2026-03-04 05:10:00",2373,12.72,-7.856,88.1,0,0,25.16
"2026-03-04 05:11:00",2374,12.72,-7.955,88,0,0,25.16
"2026-03-04 05:12:00",2375,12.72,-7.989,88,0,0,25.16
"2026-03-04 05:13:00",2376,12.72,-8.02,88.2,0,0,25.16
"2026-03-04 05:14:00",2377,12.72,-8.14,86.6,0.705,1.666,25.24
"2026-03-04 05:15:00",2378,12.72,-8.47,85.8,2.044,2.399,215.4
"2026-03-04 05:16:00",2379,12.72,-8.7,86.2,1.76,2.132,215.4
"2026-03-04 05:17:00",2380,12.72,-8.85,86.5,0.575,1.499,215.3
"2026-03-04 05:18:00",2381,12.72,-9.02,86.4,0,0,215.4
"2026-03-04 05:19:00",2382,12.72,-9.12,87,0,0,215.4
"2026-03-04 05:20:00",2383,12.72,-9.13,87.5,0,0,198.4
"2026-03-04 05:21:00",2384,12.72,-9.12,88.1,0,0,198.4
"2026-03-04 05:22:00",2385,12.72,-9.07,88.8,0,0,228.7
"2026-03-04 05:23:00",2386,12.71,-8.99,89.5,0,0,228.7
"2026-03-04 05:24:00",2387,12.71,-8.87,90.2,0,0,228.7
"2026-03-04 05:25:00",2388,12.72,-8.74,91,0,0,252.2
"2026-03-04 05:26:00",2389,12.71,-8.62,90.9,0,0,252.2
"2026-03-04 05:27:00",2390,12.71,-8.6,90.6,1.144,3.532,208.4
"2026-03-04 05:28:00",2391,12.71,-8.58,91.3,2.191,3.765,225.1
"2026-03-04 05:29:00",2392,12.71,-8.5,91.2,2.094,2.666,189.7
"2026-03-04 05:30:00",2393,12.71,-8.5,91.2,0.383,2.033,202.8
"2026-03-04 05:31:00",2394,12.71,-8.43,91.3,0.686,0.966,220.7
"2026-03-04 05:32:00",2395,12.71,-8.36,91.5,0.044,0.533,262.2
"2026-03-04 05:33:00",2396,12.71,-8.23,91.5,0,0,267.4
"2026-03-04 05:34:00",2397,12.71,-8.17,91.6,0,0,267.4
"2026-03-04 05:35:00",2398,12.71,-8.09,91.7,0,0,267.4
"2026-03-04 05:36:00",2399,12.71,-8,91.7,0,0,267.4
"2026-03-04 05:37:00",2400,12.71,-7.957,91.8,0,0,281.6
"2026-03-04 05:38:00",2401,12.71,-7.872,91.8,0,0,6.811
"2026-03-04 05:39:00",2402,12.71,-7.775,91.8,0,0,6.666
"2026-03-04 05:40:00",2403,12.71,-7.778,91.8,0,0,6.666
"2026-03-04 05:41:00",2404,12.71,-7.775,91.7,0,0,5.941
"2026-03-04 05:42:00",2405,12.71,-7.828,91.6,0.006,0.067,83.7
"2026-03-04 05:43:00",2406,12.71,-7.837,91.5,0.122,0.7,190.7
"2026-03-04 05:44:00",2407,12.71,-7.902,91.4,1.144,1.599,191.1
"2026-03-04 05:45:00",2408,12.71,-8.04,91.1,1.038,1.466,190.7
"2026-03-04 05:46:00",2409,12.71,-8.27,90.7,0.361,0.866,191.2
"2026-03-04 05:47:00",2410,12.71,-8.5,90.2,0.611,1.1,193.9
"2026-03-04 05:48:00",2411,12.71,-8.67,90.2,0.73,1.1,193.6
"2026-03-04 05:49:00",2412,12.71,-8.77,90.7,0.966,1.399,199.9
"2026-03-04 05:50:00",2413,12.71,-8.75,91.2,1.374,1.933,218.3
"2026-03-04 05:51:00",2414,12.71,-8.68,91.7,0.98,1.533,218.3
"2026-03-04 05:52:00",2415,12.71,-8.6,91.9,1.408,1.566,218.4
"2026-03-04 05:53:00",2416,12.71,-8.54,91.9,1.388,1.566,212.4
"2026-03-04 05:54:00",2417,12.71,-8.56,91.8,1.83,1.999,213
"2026-03-04 05:55:00",2418,12.71,-8.61,91.9,1.405,1.733,218.6
"2026-03-04 05:56:00",2419,12.71,-8.6,91.9,0.641,1.066,223
"2026-03-04 05:57:00",2420,12.71,-8.55,92,0.358,0.866,223
"2026-03-04 05:58:00",2421,12.71,-8.49,92.1,0.45,0.9,223.1
"2026-03-04 05:59:00",2422,12.71,-8.4,92.3,0.161,0.733,223.6
"2026-03-04 06:00:00",2423,12.71,-8.29,93.4,0.011,0.1,223.6
"2026-03-04 06:01:00",2424,12.71,-8.2,93.9,0.022,0.233,227.5
"2026-03-04 06:02:00",2425,12.71,-8.06,93.9,0.006,0.033,246.3
"2026-03-04 06:03:00",2426,12.71,-8.02,93.8,0,0,245.7
"2026-03-04 06:04:00",2427,12.71,-8.02,93.6,0,0,245.7
"2026-03-04 06:05:00",2428,12.71,-8.02,93.4,0,0,245.7
"2026-03-04 06:06:00",2429,12.71,-7.994,93.4,0,0,245.7
"2026-03-04 06:07:00",2430,12.71,-7.957,93.4,0,0,245.7
"2026-03-04 06:08:00",2431,12.71,-7.92,93.4,0,0,245.7
"2026-03-04 06:09:00",2432,12.71,-7.903,93.3,0,0,245.7
"2026-03-04 06:10:00",2433,12.71,-7.872,93.3,0,0,245.7
"2026-03-04 06:11:00",2434,12.71,-7.883,93.2,0,0,245.7
"2026-03-04 06:12:00",2435,12.71,-7.903,93.2,0,0,197.8
"2026-03-04 06:13:00",2436,12.71,-7.872,93,0,0,197.8
"2026-03-04 06:14:00",2437,12.71,-7.891,93,0,0,197.8
"2026-03-04 06:15:00",2438,12.71,-7.886,93.1,0.267,1.133,41.3
"2026-03-04 06:16:00",2439,12.71,-7.798,93.3,1.408,3.032,33.38
"2026-03-04 06:17:00",2440,12.71,-7.733,93.5,1.158,2.066,93.3
"2026-03-04 06:18:00",2441,12.71,-7.744,93.3,0.019,0.233,116.4
"2026-03-04 06:19:00",2442,12.71,-7.753,93.4,0.164,0.9,92.3
"2026-03-04 06:20:00",2443,12.71,-7.682,93.4,0.503,1.733,100.7
"2026-03-04 06:21:00",2444,12.71,-7.673,93.5,0.003,0.033,82
"2026-03-04 06:22:00",2445,12.71,-7.648,93.4,1.488,3.132,49.13
"2026-03-04 06:23:00",2446,12.71,-7.54,93.7,3.129,3.432,46.62
"2026-03-04 06:24:00",2447,12.71,-7.436,93.9,2.338,3.065,43.33
"2026-03-04 06:25:00",2448,12.71,-7.363,94,2.205,2.732,50.87
"2026-03-04 06:26:00",2449,12.71,-7.351,94.1,2.56,3.032,27.97
"2026-03-04 06:27:00",2450,12.71,-7.326,94,2.627,3.299,41.35
"2026-03-04 06:28:00",2451,12.71,-7.311,94.1,3.138,3.632,36.93
"2026-03-04 06:29:00",2452,12.71,-7.319,94,3.674,4.132,34.35
"2026-03-04 06:30:00",2453,12.71,-7.333,94.1,2.743,3.165,51.88
"2026-03-04 06:31:00",2454,12.71,-7.322,94.2,4.315,4.931,35.55
"2026-03-04 06:32:00",2455,12.71,-7.3,94.2,3.904,4.365,39.76
"2026-03-04 06:33:00",2456,12.71,-7.283,94.4,4.382,5.165,26.21
"2026-03-04 06:34:00",2457,12.71,-7.252,94.5,4.476,5.098,38.69
"2026-03-04 06:35:00",2458,12.71,-7.27,94.6,3.537,3.965,50.79
"2026-03-04 06:36:00",2459,12.71,-7.298,94.5,2.938,3.365,47.39
"2026-03-04 06:37:00",2460,12.71,-7.331,94.5,2.929,4.298,46.18
"2026-03-04 06:38:00",2461,12.71,-7.311,94.7,3.329,3.932,44.1
"2026-03-04 06:39:00",2462,12.71,-7.292,94.7,3.079,3.365,42.27
"2026-03-04 06:40:00",2463,12.71,-7.26,94.7,3.349,3.432,42.7
"2026-03-04 06:41:00",2464,12.71,-7.255,94.8,3.163,3.465,26.67
"2026-03-04 06:42:00",2465,12.71,-7.243,94.9,3.993,4.432,13.41
"2026-03-04 06:43:00",2466,12.71,-7.241,94.9,3.618,3.865,32.9
"2026-03-04 06:44:00",2467,12.71,-7.219,94.9,3.418,3.665,35.21
"2026-03-04 06:45:00",2468,12.71,-7.202,95,2.804,3.065,32.03
"2026-03-04 06:46:00",2469,12.71,-7.211,95,2.568,3.199,38.55
"2026-03-04 06:47:00",2470,12.71,-7.24,95,2.449,2.899,37.87
"2026-03-04 06:48:00",2471,12.71,-7.249,95,2.446,3.032,32.41
"2026-03-04 06:49:00",2472,12.71,-7.204,95,2.077,2.732,32.6
"2026-03-04 06:50:00",2473,12.71,-7.181,95,2.213,2.732,37.1
"2026-03-04 06:51:00",2474,12.71,-7.173,95,1.958,2.266,37.1
"2026-03-04 06:52:00",2475,12.71,-7.164,95,1.286,1.766,40.24
"2026-03-04 06:53:00",2476,12.71,-7.17,95,1.674,1.899,53.32
"2026-03-04 06:54:00",2477,12.71,-7.102,95.1,0.764,1.633,35.6
"2026-03-04 06:55:00",2478,12.71,-7.093,95,1.508,1.899,45.91
"2026-03-04 06:56:00",2479,12.71,-7.085,94.9,2.005,2.832,35.38
"2026-03-04 06:57:00",2480,12.71,-7.085,94.9,1.483,2.099,55.5
"2026-03-04 06:58:00",2481,12.71,-7.091,94.9,0.761,1.2,53.86
"2026-03-04 06:59:00",2482,12.71,-7.091,94.8,1.052,1.833,42.26
"2026-03-04 07:00:00",2483,12.71,-7.108,94.7,1.535,2.332,22.56
"2026-03-04 07:01:00",2484,12.71,-7.086,94.7,0.819,1.466,22.36
"2026-03-04 07:02:00",2485,12.71,-7.08,94.6,0.541,1.066,41.88
"2026-03-04 07:03:00",2486,12.71,-7.143,94.4,0.05,0.466,36.47
"2026-03-04 07:04:00",2487,12.71,-7.165,94.3,0.455,1.299,39.2
"2026-03-04 07:05:00",2488,12.71,-7.145,94.3,0.525,1.133,44.39
"2026-03-04 07:06:00",2489,12.71,-7.162,94.4,0.461,0.766,66.07
"2026-03-04 07:07:00",2490,12.71,-7.188,94.2,0.714,0.966,68.68
"2026-03-04 07:08:00",2491,12.71,-7.194,94.1,0.508,1.299,51.63
"2026-03-04 07:09:00",2492,12.71,-7.148,94.2,0.172,0.933,47.72
"2026-03-04 07:10:00",2493,12.71,-7.123,94.2,0.516,1.266,46.03
"2026-03-04 07:11:00",2494,12.71,-7.151,94.1,0.947,1.599,71.34
"2026-03-04 07:12:00",2495,12.71,-7.148,94.1,0.641,1.533,109.6
"2026-03-04 07:13:00",2496,12.71,-7.174,93.9,1.027,2.033,78.87
"2026-03-04 07:14:00",2497,12.71,-7.145,94,1.205,2.099,56.49
"2026-03-04 07:15:00",2498,12.71,-7.086,94.1,0.511,1.366,50.88
"2026-03-04 07:16:00",2499,12.71,-7.083,93.9,1.211,1.733,38.4
"2026-03-04 07:17:00",2500,12.71,-7.112,93.9,2.446,3.432,27.1
"2026-03-04 07:18:00",2501,12.71,-7.084,93.9,3.274,3.632,26.32
"2026-03-04 07:19:00",2502,12.71,-7.028,93.9,3.951,4.665,29.32
"2026-03-04 07:20:00",2503,12.71,-6.974,93.8,2.946,3.565,43.03
"2026-03-04 07:21:00",2504,12.71,-6.949,93.6,2.752,3.165,37.84
"2026-03-04 07:22:00",2505,12.71,-6.971,93.4,3.426,4.032,43.71
"2026-03-04 07:23:00",2506,12.71,-6.979,93.2,3.587,4.132,21.44
"2026-03-04 07:24:00",2507,12.71,-6.994,93.1,3.349,3.499,28.74
"2026-03-04 07:25:00",2508,12.71,-6.976,93,3.182,3.432,43.76
"2026-03-04 07:26:00",2509,12.71,-6.948,93,2.449,2.999,30.96
"2026-03-04 07:27:00",2510,12.71,-6.94,93,3.188,3.898,24.34
"2026-03-04 07:28:00",2511,12.71,-6.927,92.9,2.943,3.199,46.41
"2026-03-04 07:29:00",2512,12.71,-6.949,92.7,2.355,3.199,36.8
"2026-03-04 07:30:00",2513,12.71,-6.927,92.6,2.513,3.232,49.84
"2026-03-04 07:31:00",2514,12.71,-6.927,92.6,2.396,3.465,42.84
"2026-03-04 07:32:00",2515,12.71,-6.944,92.5,1.769,3.032,46.22
"2026-03-04 07:33:00",2516,12.71,-6.964,92.3,2.668,2.932,44.29
"2026-03-04 07:34:00",2517,12.71,-6.966,92.5,2.135,2.532,44.48
"2026-03-04 07:35:00",2518,12.71,-6.992,92.4,1.274,1.666,36.85
"2026-03-04 07:36:00",2519,12.71,-6.992,92.4,1.513,2.033,32.99
"2026-03-04 07:37:00",2520,12.71,-6.998,92.4,1.18,1.366,22.46
"2026-03-04 07:38:00",2521,12.71,-6.998,92.4,0.783,1.499,20.24
"2026-03-04 07:39:00",2522,12.71,-7.025,92.3,0.458,0.933,29.8
"2026-03-04 07:40:00",2523,12.71,-7.048,92.2,0.305,0.633,29.89
"2026-03-04 07:41:00",2524,12.71,-7.053,92.4,0.028,0.267,29.89
"2026-03-04 07:42:00",2525,12.72,-7.079,92.4,0,0,29.89
"2026-03-04 07:43:00",2526,12.71,-7.045,92.4,0,0,29.89
"2026-03-04 07:44:00",2527,12.72,-7.039,92.5,0,0,29.89
"2026-03-04 07:45:00",2528,12.72,-7.028,92.6,0,0,29.8
"2026-03-04 07:46:00",2529,12.72,-7.03,92.5,0,0,29.7
"2026-03-04 07:47:00",2530,12.72,-7.016,92.5,0.375,1.266,3.863
"2026-03-04 07:48:00",2531,12.72,-6.988,92.4,0.053,0.5,3.864
"2026-03-04 07:49:00",2532,12.72,-7.011,92.4,0.236,0.733,17.46
"2026-03-04 07:50:00",2533,12.72,-7.042,92.2,0.544,0.8,24
"2026-03-04 07:51:00",2534,12.72,-7.059,92.1,0.139,0.466,20.14
"2026-03-04 07:52:00",2535,12.72,-7.105,91.9,0.28,0.7,5.747
"2026-03-04 07:53:00",2536,12.72,-7.1,91.8,0.394,0.7,5.795
"2026-03-04 07:54:00",2537,12.72,-7.123,91.6,0.261,1.299,7.002
"2026-03-04 07:55:00",2538,12.72,-7.202,91.4,0.286,1.533,42.83
"2026-03-04 07:56:00",2539,12.72,-7.298,91.1,0,0,72.58
"2026-03-04 07:57:00",2540,12.72,-7.355,91,0,0,72.78
"2026-03-04 07:58:00",2541,12.72,-7.363,91.1,0.178,1.1,159.7
"2026-03-04 07:59:00",2542,12.72,-7.343,91.2,0,0,160.1
"2026-03-04 08:00:00",2543,12.72,-7.36,91.3,0,0,165.3
"2026-03-04 08:01:00",2544,12.72,-7.338,91.6,0.067,0.6,169.6
"2026-03-04 08:02:00",2545,12.72,-7.329,91.7,0,0,169.6
"2026-03-04 08:03:00",2546,12.72,-7.307,91.7,0,0,169.7
"2026-03-04 08:04:00",2547,12.72,-7.33,91.6,0,0,169.6
"2026-03-04 08:05:00",2548,12.72,-7.327,91.5,0,0,169.7
"2026-03-04 08:06:00",2549,12.72,-7.381,91.3,0,0,171.4
"2026-03-04 08:07:00",2550,12.72,-7.429,91.2,0.039,0.4,223.6
"2026-03-04 08:08:00",2551,12.72,-7.466,91.1,0.691,0.933,252.5
"2026-03-04 08:09:00",2552,12.72,-7.537,91.3,0.814,1.133,254.3
"2026-03-04 08:10:00",2553,12.72,-7.494,91.7,0.872,1.2,256.2
"2026-03-04 08:11:00",2554,12.72,-7.452,91.8,0.75,0.933,256.2
"2026-03-04 08:12:00",2555,12.72,-7.395,91.9,0.464,0.966,256.2
"2026-03-04 08:13:00",2556,12.72,-7.347,92,0.108,0.433,256.2
"2026-03-04 08:14:00",2557,12.72,-7.293,92.1,0.008,0.067,256.2
"2026-03-04 08:15:00",2558,12.72,-7.233,92.1,0,0,256.2
"2026-03-04 08:16:00",2559,12.72,-7.199,92.1,0,0,256.2
"2026-03-04 08:17:00",2560,12.72,-7.159,92,0,0,256.2
"2026-03-04 08:18:00",2561,12.72,-7.136,91.8,0,0,256.1
"2026-03-04 08:19:00",2562,12.72,-7.193,91.3,0,0,256.1
"2026-03-04 08:20:00",2563,12.72,-7.273,90.8,0,0,256.1
"2026-03-04 08:21:00",2564,12.72,-7.313,90.7,0,0,256.1
"2026-03-04 08:22:00",2565,12.72,-7.338,90.9,0,0,256.1
"2026-03-04 08:23:00",2566,12.72,-7.273,91.3,0,0,307.3
"2026-03-04 08:24:00",2567,12.72,-7.159,91.7,0,0,307.3
"2026-03-04 08:25:00",2568,12.72,-7.057,91.9,0,0,323.3
"2026-03-04 08:26:00",2569,12.72,-6.955,91.9,0,0,325.9
"2026-03-04 08:27:00",2570,12.72,-6.913,91.8,0,0,325.9
"2026-03-04 08:28:00",2571,12.72,-6.868,91.8,0.094,0.7,9.61
"2026-03-04 08:29:00",2572,12.72,-6.839,91.5,0.525,1.833,9.32
"2026-03-04 08:30:00",2573,12.72,-6.793,91.5,0.85,1.133,22.46
"2026-03-04 08:31:00",2574,12.72,-6.731,91.6,1.147,1.466,22.65
"2026-03-04 08:32:00",2575,12.72,-6.7,91.4,0.536,1,17.24
"2026-03-04 08:33:00",2576,12.72,-6.686,91.3,0,0,13.43
"2026-03-04 08:34:00",2577,12.72,-6.686,91.1,0.167,0.533,4.829
"2026-03-04 08:35:00",2578,12.72,-6.675,90.9,0.025,0.267,4.926
"2026-03-04 08:36:00",2579,12.72,-6.681,90.8,0,0,4.877
"2026-03-04 08:37:00",2580,12.72,-6.678,90.7,0,0,4.877
"2026-03-04 08:38:00",2581,12.72,-6.681,90.6,0,0,4.877
"2026-03-04 08:39:00",2582,12.72,-6.678,90.5,0,0,4.877
"2026-03-04 08:40:00",2583,12.72,-6.664,90.5,0,0,4.877
"2026-03-04 08:41:00",2584,12.72,-6.678,90.5,0,0,4.877
"2026-03-04 08:42:00",2585,12.72,-6.649,90.3,0,0,4.877
"2026-03-04 08:43:00",2586,12.72,-6.723,89.2,0,0,310.5
"2026-03-04 08:44:00",2587,12.72,-6.893,89,0,0,310.4
"2026-03-04 08:45:00",2588,12.72,-6.975,89.1,0,0,310.4
"2026-03-04 08:46:00",2589,12.72,-7.024,89.5,0,0,310.4
"2026-03-04 08:47:00",2590,12.72,-7.072,89.6,0,0,310.4
"2026-03-04 08:48:00",2591,12.72,-7.097,89.6,0,0,310.4
"2026-03-04 08:49:00",2592,12.72,-7.137,89.6,0,0,310.4
"2026-03-04 08:50:00",2593,12.72,-7.112,89.9,0,0,310.4
"2026-03-04 08:51:00",2594,12.72,-7.095,90,0,0,310.4
"2026-03-04 08:52:00",2595,12.72,-7.066,90.1,0,0,310.4
"2026-03-04 08:53:00",2596,12.72,-7.054,90.3,0,0,310.4
"2026-03-04 08:54:00",2597,12.72,-7.035,90.2,0,0,310.4
"2026-03-04 08:55:00",2598,12.72,-7.043,90.3,0,0,310.4
"2026-03-04 08:56:00",2599,12.72,-7.026,90.1,0,0,310.4
"2026-03-04 08:57:00",2600,12.72,-7.04,89.9,0,0,310.4
"2026-03-04 08:58:00",2601,12.72,-7.06,89.8,0,0,310.4
"2026-03-04 08:59:00",2602,12.72,-7.123,89.3,0,0,310.4
"2026-03-04 09:00:00",2603,12.72,-7.188,89.4,0,0,310.4
"2026-03-04 09:01:00",2604,12.72,-7.228,89.7,0,0,310.4
"2026-03-04 09:02:00",2605,12.72,-7.265,90,0,0,310.4
"2026-03-04 09:03:00",2606,12.72,-7.299,90.3,0,0,309.9
"2026-03-04 09:04:00",2607,12.72,-7.316,90.5,0,0,309.7
"2026-03-04 09:05:00",2608,12.72,-7.293,90.7,0,0,298.3
"2026-03-04 09:06:00",2609,12.72,-7.299,90.9,0,0,293.3
"2026-03-04 09:07:00",2610,12.72,-7.301,91.1,0,0,293.3
"2026-03-04 09:08:00",2611,12.72,-7.27,90.9,0,0,293.3
"2026-03-04 09:09:00",2612,12.72,-7.318,90.1,0.505,1.1,228.4
"2026-03-04 09:10:00",2613,12.72,-7.523,89.1,1.027,1.733,213.8
"2026-03-04 09:11:00",2614,12.72,-7.67,89.7,1.622,1.733,213.8
"2026-03-04 09:12:00",2615,12.72,-7.653,90.4,1.119,1.533,213.8
"2026-03-04 09:13:00",2616,12.72,-7.642,90.6,1.052,1.466,208.6
"2026-03-04 09:14:00",2617,12.72,-7.61,90.6,0.702,1.066,208.8
"2026-03-04 09:15:00",2618,12.72,-7.573,90.8,0.497,1.333,208.8
"2026-03-04 09:16:00",2619,12.72,-7.525,91,0.95,1.366,208.9
"2026-03-04 09:17:00",2620,12.72,-7.48,90.8,1.238,1.499,209
"2026-03-04 09:18:00",2621,12.72,-7.502,90.2,1.202,1.433,209
"2026-03-04 09:19:00",2622,12.72,-7.562,90,0.655,0.933,208.8
"2026-03-04 09:20:00",2623,12.72,-7.584,90,0,0,208.7
"2026-03-04 09:21:00",2624,12.72,-7.623,90,0,0,208.7
"2026-03-04 09:22:00",2625,12.72,-7.606,90.2,0,0,208.7
"2026-03-04 09:23:00",2626,12.72,-7.578,90.2,0,0,208.7
"2026-03-04 09:24:00",2627,12.72,-7.578,90.2,0,0,208.7
"2026-03-04 09:25:00",2628,12.72,-7.556,90,0,0,208.7
"2026-03-04 09:26:00",2629,12.72,-7.636,89.7,0,0,208.7
"2026-03-04 09:27:00",2630,12.72,-7.647,89.7,0,0,208.7
"2026-03-04 09:28:00",2631,12.72,-7.666,89.8,0,0,208.7
"2026-03-04 09:29:00",2632,12.72,-7.686,90,0,0,208.7
"2026-03-04 09:30:00",2633,12.72,-7.681,90.1,0,0,208.7
"2026-03-04 09:31:00",2634,12.72,-7.678,90.2,0,0,208.7
"2026-03-04 09:32:00",2635,12.72,-7.655,90.1,0,0,208.7
"2026-03-04 09:33:00",2636,12.72,-7.669,90.2,0,0,208.7
"2026-03-04 09:34:00",2637,12.72,-7.658,90.2,0,0,208.7
"2026-03-04 09:35:00",2638,12.72,-7.669,90.3,0,0,208.7
"2026-03-04 09:36:00",2639,12.72,-7.618,90.4,0,0,208.7
"2026-03-04 09:37:00",2640,12.72,-7.632,90.6,0,0,209
"2026-03-04 09:38:00",2641,12.72,-7.634,90.1,0.466,1,260.1
"2026-03-04 09:39:00",2642,12.72,-7.714,90,0.964,1.166,261.7
"2026-03-04 09:40:00",2643,12.72,-7.797,89.9,1.144,1.266,261.6
"2026-03-04 09:41:00",2644,12.72,-7.828,90.3,0.628,1,261.4
"2026-03-04 09:42:00",2645,12.72,-7.837,90.5,0,0,261.3
"2026-03-04 09:43:00",2646,12.72,-7.834,90.5,0,0,261.3
"2026-03-04 09:44:00",2647,12.72,-7.887,90.2,0,0,261.1
"2026-03-04 09:45:00",2648,12.72,-7.952,89.8,0,0,261
"2026-03-04 09:46:00",2649,12.72,-8.11,89.2,0,0,261
"2026-03-04 09:47:00",2650,12.72,-8.22,89.3,0,0,261
"2026-03-04 09:48:00",2651,12.72,-8.28,89.5,0,0,261
"2026-03-04 09:49:00",2652,12.72,-8.34,89.7,0.203,0.766,258.2
"2026-03-04 09:50:00",2653,12.72,-8.33,90.4,1.133,1.533,237.7
"2026-03-04 09:51:00",2654,12.72,-8.31,90.4,1.758,1.933,219.3
"2026-03-04 09:52:00",2655,12.72,-8.35,90.6,1.474,1.733,219.3
"2026-03-04 09:53:00",2656,12.72,-8.29,91,1.433,1.566,219.3
"2026-03-04 09:54:00",2657,12.72,-8.23,91.3,1.358,1.466,219.3
"2026-03-04 09:55:00",2658,12.72,-8.2,91.4,1.449,1.633,219.4
"2026-03-04 09:56:00",2659,12.72,-8.12,91.6,1.111,1.399,219.4
"2026-03-04 09:57:00",2660,12.72,-8.05,91.6,0.214,0.866,212.4
"2026-03-04 09:58:00",2661,12.72,-8.11,90.5,1.946,2.366,203.7
"2026-03-04 09:59:00",2662,12.72,-8.27,90.2,0.367,1.533,203.5
"2026-03-04 10:00:00",2663,12.72,-8.32,90.2,0,0,203.5
"2026-03-04 10:01:00",2664,12.72,-8.3,90.5,0,0,203.7
"2026-03-04 10:02:00",2665,12.72,-8.31,90.4,0.505,1.166,226.7
"2026-03-04 10:03:00",2666,12.72,-8.32,90.7,1.23,1.699,236.4
"2026-03-04 10:04:00",2667,12.72,-8.29,90.9,2.157,2.432,236.5
"2026-03-04 10:05:00",2668,12.72,-8.28,90.9,2.288,2.532,237.3
"2026-03-04 10:06:00",2669,12.72,-8.21,90.8,1.98,2.199,237.4
"2026-03-04 10:07:00",2670,12.72,-8.29,89.8,1.53,2.132,237.4
"2026-03-04 10:08:00",2671,12.71,-8.39,89.9,0.583,0.933,235.8
"2026-03-04 10:09:00",2672,12.71,-8.41,89.9,1.088,1.533,236
"2026-03-04 10:10:00",2673,12.71,-8.52,88.9,0.078,0.533,232.6
"2026-03-04 10:11:00",2674,12.71,-8.56,90.6,0.178,0.633,259.9
"2026-03-04 10:12:00",2675,12.71,-8.35,91.6,0.419,0.833,271.9
"2026-03-04 10:13:00",2676,12.71,-8.14,92.1,0.006,0.033,272
"2026-03-04 10:14:00",2677,12.71,-7.956,92.3,0,0,272
"2026-03-04 10:15:00",2678,12.71,-7.786,92.3,0,0,213.2
"2026-03-04 10:16:00",2679,12.71,-7.839,91.3,0,0,202.1
"2026-03-04 10:17:00",2680,12.71,-7.977,90.2,0.081,0.5,202.1
"2026-03-04 10:18:00",2681,12.71,-8.1,89.8,0.025,0.3,202.1
"2026-03-04 10:19:00",2682,12.71,-8.09,90.2,0,0,202.2
"2026-03-04 10:20:00",2683,12.71,-8.06,90.5,0,0,202.2
"2026-03-04 10:21:00",2684,12.71,-8.04,90.8,0,0,202.2
"2026-03-04 10:22:00",2685,12.71,-7.987,90.9,0,0,202.3
"2026-03-04 10:23:00",2686,12.71,-7.922,91.2,0,0,202.2
"2026-03-04 10:24:00",2687,12.71,-7.858,91.2,0,0,202.2
"2026-03-04 10:25:00",2688,12.71,-7.798,91,0,0,202.2
"2026-03-04 10:26:00",2689,12.71,-7.857,90.2,0,0,202.2
"2026-03-04 10:27:00",2690,12.71,-7.944,90,0,0,202.3
"2026-03-04 10:28:00",2691,12.71,-8.02,90.1,0.006,0.067,202.1
"2026-03-04 10:29:00",2692,12.71,-8.13,89.7,0.827,1.866,202
"2026-03-04 10:30:00",2693,12.71,-8.23,89.7,2.255,2.666,204.8
"2026-03-04 10:31:00",2694,12.71,-8.29,90.2,1.949,2.232,204.9
"2026-03-04 10:32:00",2695,12.71,-8.27,90.8,1.549,2.232,204.9
"2026-03-04 10:33:00",2696,12.71,-8.2,91.2,1.597,1.933,205.1
"2026-03-04 10:34:00",2697,12.71,-8.25,90.5,0.944,1.266,218.2
"2026-03-04 10:35:00",2698,12.71,-8.27,91.3,0.344,0.9,218.7
"2026-03-04 10:36:00",2699,12.71,-8.14,91.8,0.022,0.133,219.6
"2026-03-04 10:37:00",2700,12.71,-8.08,92,0,0,222.4
"2026-03-04 10:38:00",2701,12.71,-8,92.1,0,0,222.5
"2026-03-04 10:39:00",2702,12.71,-7.918,92.4,0,0,222.4
"2026-03-04 10:40:00",2703,12.71,-7.801,92.4,0,0,222.4
"2026-03-04 10:41:00",2704,12.71,-7.773,92,0,0,222.4
"2026-03-04 10:42:00",2705,12.71,-7.795,91.4,0,0,222.4
"2026-03-04 10:43:00",2706,12.71,-7.92,91,0,0,222.4
"2026-03-04 10:44:00",2707,12.71,-8.01,91.2,0,0,222.4
"2026-03-04 10:45:00",2708,12.71,-8,91.7,0,0,222.4
"2026-03-04 10:46:00",2709,12.71,-7.92,92.1,0,0,222.4
"2026-03-04 10:47:00",2710,12.71,-7.855,92.2,0,0,222.4
"2026-03-04 10:48:00",2711,12.71,-7.789,92.4,0,0,222.4
"2026-03-04 10:49:00",2712,12.71,-7.752,92.4,0,0,222.4
"2026-03-04 10:50:00",2713,12.71,-7.682,92.6,0,0,222.4
"2026-03-04 10:51:00",2714,12.71,-7.622,92.5,0,0,222.4
"2026-03-04 10:52:00",2715,12.71,-7.602,92.5,0,0,222.4
"2026-03-04 10:53:00",2716,12.71,-7.574,92.4,0,0,222.4
"2026-03-04 10:54:00",2717,12.71,-7.577,92.2,0,0,222.4
"2026-03-04 10:55:00",2718,12.71,-7.571,92.1,0,0,222.4
"2026-03-04 10:56:00",2719,12.71,-7.597,92,0,0,222.4
"2026-03-04 10:57:00",2720,12.71,-7.58,91.9,0,0,222.4
"2026-03-04 10:58:00",2721,12.71,-7.625,91,0,0,222.6
"2026-03-04 10:59:00",2722,12.71,-7.792,90.2,0,0,223.2
"2026-03-04 11:00:00",2723,12.71,-8.02,89.1,0,0,222.8
"2026-03-04 11:01:00",2724,12.71,-8.44,87.8,0,0,221.2
"2026-03-04 11:02:00",2725,12.71,-8.89,87.1,0.047,0.5,209.5
"2026-03-04 11:03:00",2726,12.71,-9.19,87.5,0.683,1.399,195.5
"2026-03-04 11:04:00",2727,12.71,-9.39,88.6,2.06,2.532,203.2
"2026-03-04 11:05:00",2728,12.71,-9.36,90.2,1.96,2.399,214.7
"2026-03-04 11:06:00",2729,12.71,-9.25,91.1,1.438,1.766,214.4
"2026-03-04 11:07:00",2730,12.71,-9.07,92.1,0.214,1.166,214.4
"2026-03-04 11:08:00",2731,12.71,-8.81,92.7,0,0,214.4
"2026-03-04 11:09:00",2732,12.71,-8.63,92.8,0,0,214.4
"2026-03-04 11:10:00",2733,12.71,-8.64,92.3,0,0,214.4
"2026-03-04 11:11:00",2734,12.71,-8.72,91.7,0,0,214.4
"2026-03-04 11:12:00",2735,12.71,-8.85,91,0,0,214.4
"2026-03-04 11:13:00",2736,12.71,-8.92,91.2,0,0,214.4
"2026-03-04 11:14:00",2737,12.71,-8.93,91.4,0,0,214.4
"2026-03-04 11:15:00",2738,12.7,-8.88,91.6,0,0,214.4
"2026-03-04 11:16:00",2739,12.71,-8.84,91.7,0,0,214.4
"2026-03-04 11:17:00",2740,12.71,-8.81,91.6,0,0,214.4
"2026-03-04 11:18:00",2741,12.7,-8.81,91.6,0,0,214.4
"2026-03-04 11:19:00",2742,12.7,-8.77,91.9,0,0,214.3
"2026-03-04 11:20:00",2743,12.7,-8.81,91.6,0,0,204.4
"2026-03-04 11:21:00",2744,12.7,-8.95,91,0,0,204.4
"2026-03-04 11:22:00",2745,12.7,-9.06,91.3,0,0,204.4
"2026-03-04 11:23:00",2746,12.7,-9.07,91.4,0,0,204.4
"2026-03-04 11:24:00",2747,12.7,-9.17,91.1,0,0,204.4
"2026-03-04 11:25:00",2748,12.7,-9.33,90.6,0.083,0.7,202.9
"2026-03-04 11:26:00",2749,12.7,-9.5,90.6,1.447,2.699,209.8
"2026-03-04 11:27:00",2750,12.7,-9.48,91.4,0.453,1.966,209.2
"2026-03-04 11:28:00",2751,12.7,-9.34,92.1,0.022,0.267,209.2
"2026-03-04 11:29:00",2752,12.7,-9.19,92.7,0,0,209.2
"2026-03-04 11:30:00",2753,12.7,-8.93,93.4,0,0,209.3
"2026-03-04 11:31:00",2754,12.7,-8.66,93.8,0,0,209.9
"2026-03-04 11:32:00",2755,12.7,-8.41,93.9,0,0,271.4
"2026-03-04 11:33:00",2756,12.7,-8.2,94,0.486,0.7,282
"2026-03-04 11:34:00",2757,12.7,-8.08,93.8,0.636,1.033,282
"2026-03-04 11:35:00",2758,12.7,-7.928,93.6,1.205,1.533,284.6
"2026-03-04 11:36:00",2759,12.7,-7.849,93.5,0.719,0.966,284.5
"2026-03-04 11:37:00",2760,12.7,-7.758,93.1,0.033,0.133,284.4
"2026-03-04 11:38:00",2761,12.7,-7.653,92.8,0,0,284.4
"2026-03-04 11:39:00",2762,12.7,-7.59,92.6,0,0,284.4
"2026-03-04 11:40:00",2763,12.7,-7.528,92.5,0,0,284.4
"2026-03-04 11:41:00",2764,12.7,-7.426,92.3,0,0,284.4
"2026-03-04 11:42:00",2765,12.7,-7.384,92.1,0,0,284.4
"2026-03-04 11:43:00",2766,12.7,-7.35,91.7,0.031,0.367,202.1
"2026-03-04 11:44:00",2767,12.7,-7.443,90.6,0.814,1.066,205.4
"2026-03-04 11:45:00",2768,12.7,-7.554,90.3,0.98,1.366,205.4
"2026-03-04 11:46:00",2769,12.7,-7.647,89.8,0.669,0.866,206.8
"2026-03-04 11:47:00",2770,12.7,-7.811,89.3,0.083,0.533,206.8
"2026-03-04 11:48:00",2771,12.7,-7.888,89.9,0,0,207
"2026-03-04 11:49:00",2772,12.7,-7.885,90.2,0.175,0.733,211.4
"2026-03-04 11:50:00",2773,12.7,-7.865,90.7,0.758,1.166,246
"2026-03-04 11:51:00",2774,12.7,-7.803,90.9,1.23,1.399,253.5
"2026-03-04 11:52:00",2775,12.7,-7.749,91.1,0.522,1.066,261.1
"2026-03-04 11:53:00",2776,12.7,-7.673,91.4,0.011,0.067,269.4
"2026-03-04 11:54:00",2777,12.7,-7.573,91.6,0.083,0.333,272.1
"2026-03-04 11:55:00",2778,12.7,-7.494,91.7,0.392,0.9,277.1
"2026-03-04 11:56:00",2779,12.7,-7.397,91.7,0.722,0.866,277.7
"2026-03-04 11:57:00",2780,12.7,-7.334,91.7,0.705,0.833,278.2
"2026-03-04 11:58:00",2781,12.7,-7.241,91.8,0.6,0.733,278.7
"2026-03-04 11:59:00",2782,12.7,-7.181,91.6,0.436,0.666,282.8
"2026-03-04 12:00:00",2783,12.7,-7.097,91.5,0.111,0.533,282.8
"2026-03-04 12:01:00",2784,12.7,-7.049,91.3,0.044,0.3,282.8
"2026-03-04 12:02:00",2785,12.7,-6.992,91.2,0.033,0.3,282.8
"2026-03-04 12:03:00",2786,12.7,-6.947,91.1,0,0,282.8
"2026-03-04 12:04:00",2787,12.7,-6.905,90.9,0,0,282.9
"2026-03-04 12:05:00",2788,12.7,-6.899,90.6,0,0,282.9
"2026-03-04 12:06:00",2789,12.7,-6.902,90.5,0,0,282.9
"2026-03-04 12:07:00",2790,12.7,-7.004,88.8,0,0,265
"2026-03-04 12:08:00",2791,12.7,-7.319,87.6,0.655,1.399,196.7
"2026-03-04 12:09:00",2792,12.7,-7.5,87.7,0.628,1.2,196.9
"2026-03-04 12:10:00",2793,12.7,-7.614,87.9,0,0,197
"2026-03-04 12:11:00",2794,12.7,-7.687,88.5,0,0,197.1
"2026-03-04 12:12:00",2795,12.7,-7.716,89.1,0,0,197.1
"2026-03-04 12:13:00",2796,12.7,-7.699,89.5,0,0,197.1
"2026-03-04 12:14:00",2797,12.7,-7.676,89.5,0,0,197.1
"2026-03-04 12:15:00",2798,12.7,-7.67,89.7,0,0,197.1
"2026-03-04 12:16:00",2799,12.7,-7.628,89.9,0,0,197.1
"2026-03-04 12:17:00",2800,12.7,-7.56,90,0,0,197.1
"2026-03-04 12:18:00",2801,12.7,-7.475,90.2,0,0,288.6
"2026-03-04 12:19:00",2802,12.7,-7.435,90.4,0,0,288.6
"2026-03-04 12:20:00",2803,12.7,-7.313,90.7,0.183,0.766,8.6
"2026-03-04 12:21:00",2804,12.7,-7.154,91,1.15,1.566,15.14
"2026-03-04 12:22:00",2805,12.7,-7.055,90.9,1.935,2.232,7.005
"2026-03-04 12:23:00",2806,12.7,-6.959,90.7,1.53,1.866,15.89
"2026-03-04 12:24:00",2807,12.7,-6.91,90.3,1.469,1.766,19.9
"2026-03-04 12:25:00",2808,12.7,-6.933,90,0.65,1.499,26.52
"2026-03-04 12:26:00",2809,12.7,-6.953,89.5,0,0,26.71
"2026-03-04 12:27:00",2810,12.7,-7.015,88.5,0.4,0.866,195
"2026-03-04 12:28:00",2811,12.7,-7.171,88.1,0.678,1.499,209.1
"2026-03-04 12:29:00",2812,12.7,-7.214,88.6,0.003,0.033,219.5
"2026-03-04 12:30:00",2813,12.7,-7.245,89,0,0,219.5
"2026-03-04 12:31:00",2814,12.7,-7.194,89.2,0,0,219.5
"2026-03-04 12:32:00",2815,12.7,-7.168,89.2,0,0,219.5
"2026-03-04 12:33:00",2816,12.7,-7.16,89.2,0,0,219.5
"2026-03-04 12:34:00",2817,12.7,-7.137,89.3,0,0,219.5
"2026-03-04 12:35:00",2818,12.7,-7.123,89,0,0,219.5
"2026-03-04 12:36:00",2819,12.7,-7.106,88.6,0,0,219.5
"2026-03-04 12:37:00",2820,12.7,-7.16,88.2,0,0,219.5
"2026-03-04 12:38:00",2821,12.7,-7.296,87.8,0.028,0.167,221.7
"2026-03-04 12:39:00",2822,12.7,-7.415,88.4,0.011,0.1,221.7
"2026-03-04 12:40:00",2823,12.7,-7.455,89.1,0,0,225.6
"2026-03-04 12:41:00",2824,12.7,-7.435,89.4,0.006,0.033,260
"2026-03-04 12:42:00",2825,12.7,-7.435,89.6,0,0,274.2
"2026-03-04 12:43:00",2826,12.7,-7.381,90,0,0,274.3
"2026-03-04 12:44:00",2827,12.7,-7.336,90.1,0,0,274.3
"2026-03-04 12:45:00",2828,12.7,-7.268,90.2,0,0,274.3
"2026-03-04 12:46:00",2829,12.7,-7.239,90.1,0,0,274.3
"2026-03-04 12:47:00",2830,12.7,-7.2,90,0,0,274.3
"2026-03-04 12:48:00",2831,12.7,-7.171,90,0,0,274.3
"2026-03-04 12:49:00",2832,12.7,-7.146,90,0,0,274.3
"2026-03-04 12:50:00",2833,12.7,-7.123,89.8,0,0,274.3
"2026-03-04 12:51:00",2834,12.7,-7.146,89.7,0,0,274.4
"2026-03-04 12:52:00",2835,12.7,-7.137,89.7,0,0,274.5
"2026-03-04 12:53:00",2836,12.7,-7.078,89.8,0,0,327.8
"2026-03-04 12:54:00",2837,12.7,-7.024,89.9,0,0,327.8
"2026-03-04 12:55:00",2838,12.7,-6.99,90.1,0.003,0.033,327.8
"2026-03-04 12:56:00",2839,12.7,-6.956,90.2,0,0,327.7
"2026-03-04 12:57:00",2840,12.7,-6.908,90.1,0,0,327.7
"2026-03-04 12:58:00",2841,12.7,-6.857,90,0,0,327.7
"2026-03-04 12:59:00",2842,12.7,-6.82,90,0,0,327.7
"2026-03-04 13:00:00",2843,12.7,-6.8,89.8,0,0,327.7
"2026-03-04 13:01:00",2844,12.7,-6.823,89,0,0,314.9
"2026-03-04 13:02:00",2845,12.7,-6.939,88.6,0,0,314.8
"2026-03-04 13:03:00",2846,12.7,-6.993,88.6,0,0,314.8
"2026-03-04 13:04:00",2847,12.7,-7.024,88.8,0,0,314.8
"2026-03-04 13:05:00",2848,12.7,-7.035,89,0,0,314.8
"2026-03-04 13:06:00",2849,12.7,-7.032,89.1,0,0,314.8
"2026-03-04 13:07:00",2850,12.7,-7.015,89.3,0,0,314.8
"2026-03-04 13:08:00",2851,12.7,-6.956,89.5,0,0,314.8
"2026-03-04 13:09:00",2852,12.7,-6.913,89.7,0,0,314.8
"2026-03-04 13:10:00",2853,12.7,-6.862,89.8,0,0,315
"2026-03-04 13:11:00",2854,12.7,-6.823,89.9,0,0,315
"2026-03-04 13:12:00",2855,12.7,-6.794,90,0,0,315
"2026-03-04 13:13:00",2856,12.7,-6.732,90.2,0,0,315.2
"2026-03-04 13:14:00",2857,12.7,-6.701,90.1,0,0,315.2
"2026-03-04 13:15:00",2858,12.7,-6.726,89.8,0,0,300.2
"2026-03-04 13:16:00",2859,12.7,-6.84,89.2,0,0,220.9
"2026-03-04 13:17:00",2860,12.7,-6.896,89.1,0,0,220.9
"2026-03-04 13:18:00",2861,12.7,-6.964,89.2,0,0,220.9
"2026-03-04 13:19:00",2862,12.7,-6.944,89.4,0,0,220.9
"2026-03-04 13:20:00",2863,12.7,-6.97,89.5,0,0,220.9
"2026-03-04 13:21:00",2864,12.7,-6.978,89.4,0,0,220.9
"2026-03-04 13:22:00",2865,12.7,-7.004,89.2,0,0,220.9
"2026-03-04 13:23:00",2866,12.7,-7.013,89.2,0,0,220.9
"2026-03-04 13:24:00",2867,12.7,-7.049,89.1,0,0,220.9
"2026-03-04 13:25:00",2868,12.7,-7.066,89.2,0,0,220.9
"2026-03-04 13:26:00",2869,12.7,-7.117,88.9,0.197,0.866,175
"2026-03-04 13:27:00",2870,12.7,-7.154,89.3,0.822,0.9,162.2
"2026-03-04 13:28:00",2871,12.7,-7.075,89.7,0.069,0.733,162.2
"2026-03-04 13:29:00",2872,12.7,-7.024,90,0,0,162.2
"2026-03-04 13:30:00",2873,12.7,-7.001,89.7,0,0,162.2
"2026-03-04 13:31:00",2874,12.7,-7.018,89.4,0,0,162.5
"2026-03-04 13:32:00",2875,12.7,-7.052,89.4,0,0,250
"2026-03-04 13:33:00",2876,12.7,-7.061,89.7,0.272,0.966,285.1
"2026-03-04 13:34:00",2877,12.7,-7.055,89.9,1.233,1.699,300.4
"2026-03-04 13:35:00",2878,12.7,-6.993,90.1,0.927,1.333,300.4
"2026-03-04 13:36:00",2879,12.7,-6.95,90.2,0.272,0.866,300.4
"2026-03-04 13:37:00",2880,12.7,-6.879,90.4,0.217,0.533,300.4
"2026-03-04 13:38:00",2881,12.7,-6.868,90.3,0.058,0.333,300.4
"2026-03-04 13:39:00",2882,12.7,-6.834,90.3,0,0,300.4
"2026-03-04 13:40:00",2883,12.7,-6.817,90.3,0,0,300.4
"2026-03-04 13:41:00",2884,12.7,-6.78,90.4,0.597,1.266,324.2
"2026-03-04 13:42:00",2885,12.7,-6.766,90.5,1.463,1.866,0.217
"2026-03-04 13:43:00",2886,12.7,-6.729,90.6,1.633,2.066,0.169
"2026-03-04 13:44:00",2887,12.7,-6.712,90.7,2.33,2.699,2.367
"2026-03-04 13:45:00",2888,12.7,-6.692,90.6,1.783,2.399,8.55
"2026-03-04 13:46:00",2889,12.7,-6.672,90.6,0.758,1.333,12.9
"2026-03-04 13:47:00",2890,12.7,-6.704,90.5,0.975,1.233,12.9
"2026-03-04 13:48:00",2891,12.7,-6.704,90.4,1.663,2.066,18.12
"2026-03-04 13:49:00",2892,12.71,-6.652,90.6,2.102,2.399,20.14
"2026-03-04 13:50:00",2893,12.7,-6.599,90.6,0.7,2.066,20.29
"2026-03-04 13:51:00",2894,12.69,-6.636,90.3,0.458,1.033,34.06
"2026-03-04 13:52:00",2895,12.69,-6.709,89.8,0,0,1.498
"2026-03-04 13:53:00",2896,12.54,-6.76,89.8,0,0,1.546
"2026-03-04 13:54:00",2897,12.6,-6.761,89.8,0,0,9.23
"2026-03-04 13:55:00",2898,12.59,-6.752,89.8,0,0,330.4
"2026-03-04 13:56:00",2899,12.59,-6.724,89.9,0,0,335.5
"2026-03-04 13:57:00",2900,12.66,-6.76,89.8,0,0,309.2
