"TOA5","CR850_Kayleigh","CR800","19785","CR800.Std.32.06","CPU:mini_AWS_Kayleigh.CR8","62587","Res_data_1_min"
"TIMESTAMP","RECORD","BattV","temperature","rel_humidity","wind_speed","gust_speed","wind_direction"
"TS","RN","Volts","degC","%","m/s","m/s","deg"
"","","Min","Avg","Smp","Avg","Max","Smp"
"2026-03-04 13:58:00",2901,12.66,-6.778,89.4,0,0,306
"2026-03-04 13:59:00",2902,12.65,-6.821,89.6,0.358,0.733,234
"2026-03-04 14:00:00",2903,12.68,-6.815,90,0.067,0.533,234
"2026-03-04 14:01:00",2904,12.69,-6.79,89.9,0.033,0.3,234.1
"2026-03-04 14:02:00",2905,12.69,-6.79,89.8,0,0,234.1
"2026-03-04 14:03:00",2906,12.7,-6.838,89.9,0,0,237.8
"2026-03-04 14:04:00",2907,12.69,-6.799,89.8,0.042,0.167,273.8
"2026-03-04 14:05:00",2908,12.69,-6.789,89.9,0,0,277.1
"2026-03-04 14:06:00",2909,12.7,-6.793,90,0.988,1.299,326.4
"2026-03-04 14:07:00",2910,12.69,-6.81,89.8,0.158,0.533,326.4
"2026-03-04 14:08:00",2911,12.69,-6.844,89.7,0.6,1,340.1
"2026-03-04 14:09:00",2912,12.7,-6.821,90,0.73,0.966,343.8
"2026-03-04 14:10:00",2913,12.7,-6.793,90.1,0.308,0.733,343.8
"2026-03-04 14:11:00",2914,12.7,-6.731,90.2,0.053,0.233,349.5
"2026-03-04 14:12:00",2915,12.7,-6.695,90.2,0.672,0.833,0.821
"2026-03-04 14:13:00",2916,12.71,-6.683,90.2,0.808,0.9,7.245
"2026-03-04 14:14:00",2917,12.71,-6.655,89.9,0.85,1.033,44.73
"2026-03-04 14:15:00",2918,12.71,-6.743,89.4,0.014,0.167,54.53
"2026-03-04 14:16:00",2919,12.71,-6.828,89.2,0,0,54.53
"2026-03-04 14:17:00",2920,12.71,-6.902,89,0,0,54.53
"2026-03-04 14:18:00",2921,12.71,-6.91,88.9,0,0,54.53
"2026-03-04 14:19:00",2922,12.71,-6.933,88.7,0,0,54.53
"2026-03-04 14:20:00",2923,12.71,-6.973,88.7,0,0,54.53
"2026-03-04 14:21:00",2924,12.71,-6.967,88.8,0,0,54.53
"2026-03-04 14:22:00",2925,12.71,-7.004,88.7,0,0,93.7
"2026-03-04 14:23:00",2926,12.71,-7.078,88.6,0,0,93.7
"2026-03-04 14:24:00",2927,12.71,-7.114,88.8,0,0,159.6
"2026-03-04 14:25:00",2928,12.71,-7.137,89.2,0,0,195.8
"2026-03-04 14:26:00",2929,12.71,-7.148,89.4,0,0,197.9
"2026-03-04 14:27:00",2930,12.71,-7.143,89.6,0,0,197.9
"2026-03-04 14:28:00",2931,12.71,-7.103,89.7,0,0,197.6
"2026-03-04 14:29:00",2932,12.71,-7.126,89.7,0,0,197.6
"2026-03-04 14:30:00",2933,12.71,-7.129,89.5,0,0,197.7
"2026-03-04 14:31:00",2934,12.71,-7.137,89.5,0,0,198
"2026-03-04 14:32:00",2935,12.71,-7.148,89.6,0,0,198.1
"2026-03-04 14:33:00",2936,12.71,-7.18,89.5,0,0,198.1
"2026-03-04 14:34:00",2937,12.71,-7.222,89.7,0,0,198.1
"2026-03-04 14:35:00",2938,12.71,-7.217,89.9,0.336,0.966,209.7
"2026-03-04 14:36:00",2939,12.72,-7.237,90.2,1.038,1.2,217.7
"2026-03-04 14:37:00",2940,12.72,-7.203,90.6,1.033,1.299,217.5
"2026-03-04 14:38:00",2941,12.72,-7.172,90.6,0.719,1.2,224.1
"2026-03-04 14:39:00",2942,12.72,-7.144,90.8,0.272,0.633,302.4
"2026-03-04 14:40:00",2943,12.72,-7.087,91.1,0,0,302.3
"2026-03-04 14:41:00",2944,12.72,-7.007,91.2,0,0,302.3
"2026-03-04 14:42:00",2945,12.72,-6.987,90.8,0,0,302.4
"2026-03-04 14:43:00",2946,12.72,-6.984,90.6,0.014,0.167,302.3
"2026-03-04 14:44:00",2947,12.72,-6.979,90.6,0,0,302.3
"2026-03-04 14:45:00",2948,12.72,-6.959,90.6,0,0,302.3
"2026-03-04 14:46:00",2949,12.72,-6.934,90.7,0,0,302.3
"2026-03-04 14:47:00",2950,12.72,-6.914,90.7,0,0,302.9
"2026-03-04 14:48:00",2951,12.72,-6.874,91,0,0,302.9
"2026-03-04 14:49:00",2952,12.72,-6.834,90.8,0,0,302.9
"2026-03-04 14:50:00",2953,12.72,-6.789,90.8,0,0,302.9
"2026-03-04 14:51:00",2954,12.72,-6.758,90.9,0,0,302.9
"2026-03-04 14:52:00",2955,12.72,-6.74,91,0,0,302.9
"2026-03-04 14:53:00",2956,12.72,-6.704,90.9,0,0,302.9
"2026-03-04 14:54:00",2957,12.72,-6.687,90.9,0,0,302.9
"2026-03-04 14:55:00",2958,12.72,-6.675,90.8,0,0,302.9
"2026-03-04 14:56:00",2959,12.72,-6.662,90.7,0,0,302.9
"2026-03-04 14:57:00",2960,12.72,-6.656,90.7,0,0,302.9
"2026-03-04 14:58:00",2961,12.72,-6.648,90.6,0,0,302.9
"2026-03-04 14:59:00",2962,12.72,-6.639,90.6,0,0,302.9
"2026-03-04 15:00:00",2963,12.72,-6.65,90.5,0,0,302.9
"2026-03-04 15:01:00",2964,12.72,-6.645,90.5,0,0,302.9
"2026-03-04 15:02:00",2965,12.72,-6.659,90.5,0,0,302.9
"2026-03-04 15:03:00",2966,12.72,-6.657,90.4,0,0,302.9
"2026-03-04 15:04:00",2967,12.72,-6.646,90.5,0,0,302.9
"2026-03-04 15:05:00",2968,12.72,-6.639,90.4,0,0,302.9
"2026-03-04 15:06:00",2969,12.72,-6.64,90.4,0,0,302.9
"2026-03-04 15:07:00",2970,12.72,-6.657,90,0,0,302.1
"2026-03-04 15:08:00",2971,12.72,-6.762,89.6,0,0,302.1
"2026-03-04 15:09:00",2972,12.72,-6.852,89.7,0,0,301.8
"2026-03-04 15:10:00",2973,12.72,-6.926,89.8,0,0,223.3
"2026-03-04 15:11:00",2974,12.72,-6.991,89.7,0.044,0.3,222.2
"2026-03-04 15:12:00",2975,12.72,-7.065,89.7,0.536,0.9,222.2
"2026-03-04 15:13:00",2976,12.72,-7.11,90.2,1.108,1.333,222.4
"2026-03-04 15:14:00",2977,12.72,-7.108,90.4,0.975,1.2,231.3
"2026-03-04 15:15:00",2978,12.72,-7.138,90.7,0.797,0.966,254.9
"2026-03-04 15:16:00",2979,12.72,-7.127,91,0.866,1.133,256.8
"2026-03-04 15:17:00",2980,12.72,-7.11,91.3,1.083,1.233,257.1
"2026-03-04 15:18:00",2981,12.72,-7.042,91.5,1.388,1.766,257
"2026-03-04 15:19:00",2982,12.72,-7.006,91.4,1.344,1.599,257.1
"2026-03-04 15:20:00",2983,12.72,-7.009,91.3,1.002,1.166,268.3
"2026-03-04 15:21:00",2984,12.72,-7.006,91.3,0.389,0.733,281.6
"2026-03-04 15:22:00",2985,12.72,-6.978,91.5,0.011,0.1,281.6
"2026-03-04 15:23:00",2986,12.72,-6.915,91.5,0,0,300.3
"2026-03-04 15:24:00",2987,12.72,-6.855,91.6,0,0,300.3
"2026-03-04 15:25:00",2988,12.72,-6.84,91.4,0,0,300.3
"2026-03-04 15:26:00",2989,12.72,-6.826,91.4,0.014,0.1,300.5
"2026-03-04 15:27:00",2990,12.72,-6.781,91.3,0.056,0.433,318.3
"2026-03-04 15:28:00",2991,12.72,-6.781,91.3,0.011,0.1,318.3
"2026-03-04 15:29:00",2992,12.72,-6.752,91.3,0,0,318.3
"2026-03-04 15:30:00",2993,12.72,-6.722,91.2,0,0,318.3
"2026-03-04 15:31:00",2994,12.72,-6.701,91.1,0,0,318.3
"2026-03-04 15:32:00",2995,12.72,-6.687,91.2,0,0,318.4
"2026-03-04 15:33:00",2996,12.72,-6.682,91,0,0,318.3
"2026-03-04 15:34:00",2997,12.72,-6.683,90.9,0,0,318.3
"2026-03-04 15:35:00",2998,12.72,-6.7,90.8,0,0,318.3
"2026-03-04 15:36:00",2999,12.72,-6.728,90.7,0,0,318.3
"2026-03-04 15:37:00",3000,12.72,-6.762,90.6,0,0,318.3
"2026-03-04 15:38:00",3001,12.72,-6.776,90.5,0,0,318.3
"2026-03-04 15:39:00",3002,12.72,-6.805,90.3,0,0,318.3
"2026-03-04 15:40:00",3003,12.72,-6.871,89.8,0,0,313.1
"2026-03-04 15:41:00",3004,12.72,-6.981,89.7,0,0,313.1
"2026-03-04 15:42:00",3005,12.72,-7.069,89.6,0,0,313.1
"2026-03-04 15:43:00",3006,12.72,-7.117,89.6,0,0,313.1
"2026-03-04 15:44:00",3007,12.72,-7.193,89.6,0,0,313.1
"2026-03-04 15:45:00",3008,12.72,-7.269,89.8,0,0,313.1
"2026-03-04 15:46:00",3009,12.72,-7.315,90,0,0,313.1
"2026-03-04 15:47:00",3010,12.72,-7.312,90.1,0,0,313.1
"2026-03-04 15:48:00",3011,12.72,-7.331,90.1,0,0,313.1
"2026-03-04 15:49:00",3012,12.72,-7.365,90.3,0,0,313.1
"2026-03-04 15:50:00",3013,12.72,-7.387,90.6,0,0,313.1
"2026-03-04 15:51:00",3014,12.72,-7.363,90.5,0,0,313.1
"2026-03-04 15:52:00",3015,12.72,-7.416,90.6,0,0,313.1
"2026-03-04 15:53:00",3016,12.72,-7.402,90.8,0,0,313.1
"2026-03-04 15:54:00",3017,12.72,-7.359,91.1,0,0,313.1
"2026-03-04 15:55:00",3018,12.72,-7.288,91.4,0,0,313.2
"2026-03-04 15:56:00",3019,12.72,-7.178,91.7,0,0,313.4
"2026-03-04 15:57:00",3020,12.72,-7.121,91.8,0,0,313.4
"2026-03-04 15:58:00",3021,12.72,-7.076,91.9,0,0,313
"2026-03-04 15:59:00",3022,12.72,-7.177,91.2,0.147,0.6,166
"2026-03-04 16:00:00",3023,12.72,-7.342,90.6,0.505,1,191.8
"2026-03-04 16:01:00",3024,12.72,-7.452,90.6,0.283,0.8,199.6
"2026-03-04 16:02:00",3025,12.72,-7.464,90.8,0,0,199.6
"2026-03-04 16:03:00",3026,12.72,-7.452,90.9,0,0,199.6
"2026-03-04 16:04:00",3027,12.72,-7.452,91.3,0.081,0.466,206.5
"2026-03-04 16:05:00",3028,12.72,-7.41,91.5,0.283,0.833,210
"2026-03-04 16:06:00",3029,12.72,-7.424,91.5,0.897,1.366,210
"2026-03-04 16:07:00",3030,12.72,-7.436,91.3,1.846,2.099,210
"2026-03-04 16:08:00",3031,12.72,-7.472,91.3,2.557,2.832,214.3
"2026-03-04 16:09:00",3032,12.72,-7.498,91.2,2.552,2.832,211.4
"2026-03-04 16:10:00",3033,12.72,-7.506,91,2.296,2.699,214.8
"2026-03-04 16:11:00",3034,12.72,-7.537,91,1.769,2.066,214.7
"2026-03-04 16:12:00",3035,12.72,-7.515,91.2,1.558,1.933,215.5
"2026-03-04 16:13:00",3036,12.72,-7.433,91.5,1.205,1.533,222.4
"2026-03-04 16:14:00",3037,12.72,-7.379,91.4,0.65,0.966,222.5
"2026-03-04 16:15:00",3038,12.72,-7.37,91.3,0.3,0.8,222.5
"2026-03-04 16:16:00",3039,12.72,-7.381,91,0.011,0.1,221.3
"2026-03-04 16:17:00",3040,12.72,-7.489,90.1,0.597,0.866,217
"2026-03-04 16:18:00",3041,12.72,-7.591,90.1,0.242,0.733,207.6
"2026-03-04 16:19:00",3042,12.72,-7.599,90.4,0,0,207.5
"2026-03-04 16:20:00",3043,12.72,-7.562,90.8,0.111,0.433,207.5
"2026-03-04 16:21:00",3044,12.72,-7.506,91.1,0.075,0.5,207.7
"2026-03-04 16:22:00",3045,12.72,-7.443,91.3,0.014,0.1,207.7
"2026-03-04 16:23:00",3046,12.72,-7.404,91.4,0,0,207.7
"2026-03-04 16:24:00",3047,12.72,-7.338,91.4,0,0,207.7
"2026-03-04 16:25:00",3048,12.72,-7.316,91.1,0,0,207.7
"2026-03-04 16:26:00",3049,12.72,-7.364,90.7,0,0,207.7
"2026-03-04 16:27:00",3050,12.72,-7.449,90.3,0,0,207.7
"2026-03-04 16:28:00",3051,12.72,-7.492,90.2,0,0,207.8
"2026-03-04 16:29:00",3052,12.72,-7.525,90.3,0,0,236.2
"2026-03-04 16:30:00",3053,12.72,-7.579,90.4,0.114,0.5,248.2
"2026-03-04 16:31:00",3054,12.72,-7.582,90.6,0.419,0.733,256.4
"2026-03-04 16:32:00",3055,12.72,-7.63,90.6,0.791,1.266,256.5
"2026-03-04 16:33:00",3056,12.72,-7.661,91,0.666,0.833,259.6
"2026-03-04 16:34:00",3057,12.72,-7.613,91.2,0.95,1.066,270.8
"2026-03-04 16:35:00",3058,12.72,-7.562,91.5,0.572,1.033,270.8
"2026-03-04 16:36:00",3059,12.72,-7.506,91.6,0.797,1.433,271.1
"2026-03-04 16:37:00",3060,12.72,-7.529,91.4,0.622,1.066,270.9
"2026-03-04 16:38:00",3061,12.72,-7.54,91.2,0.664,0.866,261.5
"2026-03-04 16:39:00",3062,12.72,-7.491,91.4,0.069,0.7,261.5
"2026-03-04 16:40:00",3063,12.72,-7.528,91.2,0.347,0.8,261.5
"2026-03-04 16:41:00",3064,12.72,-7.542,91.2,0.039,0.3,261.2
"2026-03-04 16:42:00",3065,12.72,-7.61,90.6,0.23,0.633,241.3
"2026-03-04 16:43:00",3066,12.72,-7.693,90.6,0,0,241.2
"2026-03-04 16:44:00",3067,12.72,-7.738,91,0,0,241.2
"2026-03-04 16:45:00",3068,12.72,-7.698,91.3,0,0,241.3
"2026-03-04 16:46:00",3069,12.72,-7.681,91.5,0,0,241.3
"2026-03-04 16:47:00",3070,12.72,-7.664,91.6,0,0,241.3
"2026-03-04 16:48:00",3071,12.72,-7.65,91.7,0,0,241.3
"2026-03-04 16:49:00",3072,12.72,-7.645,91.9,0,0,241.3
"2026-03-04 16:50:00",3073,12.72,-7.563,92,0,0,241.3
"2026-03-04 16:51:00",3074,12.72,-7.546,92.1,0,0,241.5
"2026-03-04 16:52:00",3075,12.72,-7.475,92.1,0,0,241.5
"2026-03-04 16:53:00",3076,12.72,-7.458,92,0,0,241.5
"2026-03-04 16:54:00",3077,12.72,-7.458,91.8,0,0,241.5
"2026-03-04 16:55:00",3078,12.72,-7.483,91.8,0,0,241.5
"2026-03-04 16:56:00",3079,12.72,-7.483,91.7,0,0,241.5
"2026-03-04 16:57:00",3080,12.72,-7.511,91.6,0,0,241.4
"2026-03-04 16:58:00",3081,12.72,-7.517,91.6,0,0,241.5
"2026-03-04 16:59:00",3082,12.72,-7.511,91.8,0,0,241.5
"2026-03-04 17:00:00",3083,12.72,-7.511,91.8,0,0,241.4
"2026-03-04 17:01:00",3084,12.72,-7.48,91.8,0,0,241.4
"2026-03-04 17:02:00",3085,12.72,-7.477,91.8,0,0,241.5
"2026-03-04 17:03:00",3086,12.72,-7.454,91.9,0,0,241.7
"2026-03-04 17:04:00",3087,12.72,-7.428,92,0,0,261.6
"2026-03-04 17:05:00",3088,12.72,-7.431,91.9,0,0,262.1
"2026-03-04 17:06:00",3089,12.72,-7.428,92,0,0,262.1
"2026-03-04 17:07:00",3090,12.72,-7.386,92,0,0,262.1
"2026-03-04 17:08:00",3091,12.72,-7.405,92,0,0,262.1
"2026-03-04 17:09:00",3092,12.72,-7.406,92,0,0,262.1
"2026-03-04 17:10:00",3093,12.72,-7.397,92,0,0,262.1
"2026-03-04 17:11:00",3094,12.72,-7.366,92.1,0,0,262.1
"2026-03-04 17:12:00",3095,12.72,-7.363,92.2,0,0,319.6
"2026-03-04 17:13:00",3096,12.72,-7.362,92.1,0.214,0.733,9.03
"2026-03-04 17:14:00",3097,12.72,-7.388,92.1,1.047,1.333,13.28
"2026-03-04 17:15:00",3098,12.72,-7.427,92,1.516,1.733,29.13
"2026-03-04 17:16:00",3099,12.72,-7.456,92,1.627,1.766,42.92
"2026-03-04 17:17:00",3100,12.72,-7.487,92,2.332,2.599,43.23
"2026-03-04 17:18:00",3101,12.72,-7.467,92.4,2.593,3.165,35.21
"2026-03-04 17:19:00",3102,12.72,-7.43,92.6,3.235,3.565,45.98
"2026-03-04 17:20:00",3103,12.72,-7.439,92.6,2.885,3.232,41.68
"2026-03-04 17:21:00",3104,12.72,-7.472,92.5,2.46,2.999,42.7
"2026-03-04 17:22:00",3105,12.72,-7.549,92.5,2.055,2.632,24.3
"2026-03-04 17:23:00",3106,12.72,-7.544,92.6,2.244,2.766,46.22
"2026-03-04 17:24:00",3107,12.72,-7.561,92.7,1.688,2.166,35.5
"2026-03-04 17:25:00",3108,12.72,-7.591,92.9,0.975,1.266,35.31
"2026-03-04 17:26:00",3109,12.72,-7.541,92.9,0.139,0.6,35.31
"2026-03-04 17:27:00",3110,12.72,-7.563,93,0,0,35.31
"2026-03-04 17:28:00",3111,12.72,-7.583,92.9,0,0,35.31
"2026-03-04 17:29:00",3112,12.72,-7.597,92.9,0,0,35.26
"2026-03-04 17:30:00",3113,12.72,-7.623,92.8,0.508,1.1,227.4
"2026-03-04 17:31:00",3114,12.72,-7.693,92.8,1.369,1.966,193.1
"2026-03-04 17:32:00",3115,12.72,-7.659,93.1,2.446,2.832,199
"2026-03-04 17:33:00",3116,12.72,-7.609,93.2,2.46,2.899,210.4
"2026-03-04 17:34:00",3117,12.72,-7.564,93.5,2.463,2.899,210.1
"2026-03-04 17:35:00",3118,12.72,-7.516,93.6,2.943,3.099,210.1
"2026-03-04 17:36:00",3119,12.72,-7.422,93.7,2.679,2.799,209.9
"2026-03-04 17:37:00",3120,12.72,-7.368,93.9,2.485,2.832,205
"2026-03-04 17:38:00",3121,12.72,-7.323,93.8,2.224,2.532,209.6
"2026-03-04 17:39:00",3122,12.72,-7.27,93.8,1.946,2.332,209.9
"2026-03-04 17:40:00",3123,12.72,-7.233,93.8,1.299,1.799,210.3
"2026-03-04 17:41:00",3124,12.72,-7.23,93.6,1.763,2.066,221
"2026-03-04 17:42:00",3125,12.72,-7.204,93.5,0.908,1.499,225.2
"2026-03-04 17:43:00",3126,12.72,-7.241,93.2,0.319,0.733,218.8
"2026-03-04 17:44:00",3127,12.72,-7.241,93.4,0,0,226.1
"2026-03-04 17:45:00",3128,12.72,-7.167,93.4,0,0,226.5
"2026-03-04 17:46:00",3129,12.72,-7.094,93.4,0.186,1,332.2
"2026-03-04 17:47:00",3130,12.72,-7.043,93.4,0.508,0.766,325.8
"2026-03-04 17:48:00",3131,12.72,-7.032,93.2,0.247,0.7,307.2
"2026-03-04 17:49:00",3132,12.72,-6.995,93.2,0,0,307.3
"2026-03-04 17:50:00",3133,12.72,-6.983,93.1,0,0,307.3
"2026-03-04 17:51:00",3134,12.72,-6.947,93.1,0,0,307.3
"2026-03-04 17:52:00",3135,12.72,-6.921,93,0,0,307.3
"2026-03-04 17:53:00",3136,12.72,-6.918,92.9,0,0,307.3
"2026-03-04 17:54:00",3137,12.72,-6.935,92.8,0,0,275.5
"2026-03-04 17:55:00",3138,12.72,-6.972,92.4,0.461,1.233,205.4
"2026-03-04 17:56:00",3139,12.72,-7.057,92,2.13,2.366,205.4
"2026-03-04 17:57:00",3140,12.72,-7.182,91.8,2.066,2.199,200.4
"2026-03-04 17:58:00",3141,12.72,-7.236,91.8,1.858,2.332,199
"2026-03-04 17:59:00",3142,12.72,-7.32,91.7,1.111,1.699,199
"2026-03-04 18:00:00",3143,12.72,-7.329,92,0,0,198.9
"2026-03-04 18:01:00",3144,12.72,-7.275,92.3,0.267,0.7,199.1
"2026-03-04 18:02:00",3145,12.72,-7.199,92.5,0,0,199.1
"2026-03-04 18:03:00",3146,12.72,-7.165,92.3,0,0,199.1
"2026-03-04 18:04:00",3147,12.72,-7.193,91.9,0,0,199.7
"2026-03-04 18:05:00",3148,12.72,-7.249,92,0.078,0.733,292.9
"2026-03-04 18:06:00",3149,12.72,-7.261,92.2,1.352,1.766,1.449
"2026-03-04 18:07:00",3150,12.72,-7.23,92.3,0.289,1.133,76.85
"2026-03-04 18:08:00",3151,12.72,-7.111,92.1,1.358,1.866,106.5
"2026-03-04 18:09:00",3152,12.72,-7.176,91.3,0.877,2.499,119.3
"2026-03-04 18:10:00",3153,12.72,-7.182,90.8,0,0,204.4
"2026-03-04 18:11:00",3154,12.72,-7.208,90.4,0,0,228.3
"2026-03-04 18:12:00",3155,12.72,-7.236,90.2,0,0,228.3
"2026-03-04 18:13:00",3156,12.72,-7.233,90.7,0.022,0.167,232.9
"2026-03-04 18:14:00",3157,12.72,-7.188,90.9,0.003,0.033,232.9
"2026-03-04 18:15:00",3158,12.72,-7.168,91,0,0,232.9
"2026-03-04 18:16:00",3159,12.72,-7.137,91.1,0,0,232.9
"2026-03-04 18:17:00",3160,12.72,-7.115,91,0,0,212.7
"2026-03-04 18:18:00",3161,12.72,-7.138,90.8,0.003,0.033,147.8
"2026-03-04 18:19:00",3162,12.72,-7.149,90.6,0.011,0.133,147.8
"2026-03-04 18:20:00",3163,12.72,-7.183,90.7,0,0,161.4
"2026-03-04 18:21:00",3164,12.72,-7.165,90.4,0.072,0.367,200.3
"2026-03-04 18:22:00",3165,12.72,-7.233,90.4,0,0,200.3
"2026-03-04 18:23:00",3166,12.72,-7.27,90.2,0.217,0.733,0.097
"2026-03-04 18:24:00",3167,12.72,-7.397,89.9,0.794,1.633,329.5
"2026-03-04 18:25:00",3168,12.72,-7.358,90.1,0.769,1.333,22.36
"2026-03-04 18:26:00",3169,12.72,-7.196,90.2,1.377,1.833,47.67
"2026-03-04 18:27:00",3170,12.72,-7.074,89.9,1.871,2.432,41.49
"2026-03-04 18:28:00",3171,12.72,-7.006,89.6,3.229,4.098,47
"2026-03-04 18:29:00",3172,12.72,-6.947,89.4,1.616,2.766,56.8
"2026-03-04 18:30:00",3173,12.72,-6.888,89,1.494,2.099,27.48
"2026-03-04 18:31:00",3174,12.72,-6.882,88.7,0.952,1.533,20.53
"2026-03-04 18:32:00",3175,12.72,-6.893,88.8,0.447,1.033,22.75
"2026-03-04 18:33:00",3176,12.72,-6.927,88.7,1.441,3.399,22.94
"2026-03-04 18:34:00",3177,12.72,-6.964,88.7,1.758,3.199,139.9
"2026-03-04 18:35:00",3178,12.72,-6.947,88.1,0.528,1.633,51.97
"2026-03-04 18:36:00",3179,12.72,-6.82,87.4,0.58,1.733,55.21
"2026-03-04 18:37:00",3180,12.72,-6.783,86.7,1.086,1.999,44.58
"2026-03-04 18:38:00",3181,12.72,-6.718,86.9,0.825,2.399,28.5
"2026-03-04 18:39:00",3182,12.72,-6.703,87,0.008,0.067,11.45
"2026-03-04 18:40:00",3183,12.72,-6.743,87.3,0,0,6.327
"2026-03-04 18:41:00",3184,12.72,-6.768,87.3,0.297,1.2,333.4
"2026-03-04 18:42:00",3185,12.72,-6.808,86.9,0.144,0.533,44.87
"2026-03-04 18:43:00",3186,12.72,-6.811,86.4,0.833,1.466,28.83
"2026-03-04 18:44:00",3187,12.72,-6.814,86,1.538,3.965,2.753
"2026-03-04 18:45:00",3188,12.72,-6.856,86.1,4.443,6.297,20.14
"2026-03-04 18:46:00",3189,12.72,-6.854,87,4.495,5.131,16.08
"2026-03-04 18:47:00",3190,12.72,-6.834,87.4,3.138,4.865,27.87
"2026-03-04 18:48:00",3191,12.72,-6.803,87.3,1.844,2.499,8.84
"2026-03-04 18:49:00",3192,12.72,-6.873,87.6,1.399,1.799,19.95
"2026-03-04 18:50:00",3193,12.72,-6.927,87.5,1.461,2.232,53.27
"2026-03-04 18:51:00",3194,12.72,-6.998,87.8,2.182,2.599,34.73
"2026-03-04 18:52:00",3195,12.72,-7.064,87.7,3.401,4.731,16.95
"2026-03-04 18:53:00",3196,12.72,-7.078,87.3,5.253,6.264,24.71
"2026-03-04 18:54:00",3197,12.72,-7.098,87.1,5.462,6.364,56.82
"2026-03-04 18:55:00",3198,12.72,-6.967,86,3.962,5.331,138.3
"2026-03-04 18:56:00",3199,12.72,-6.781,82.8,4.379,8.43,80.7
"2026-03-04 18:57:00",3200,12.72,-6.588,80.5,1.594,2.499,104.1
"2026-03-04 18:58:00",3201,12.72,-6.494,78.2,3.929,7.33,157.7
"2026-03-04 18:59:00",3202,12.72,-6.389,76.94,6.378,7.83,160.8
"2026-03-04 19:00:00",3203,12.72,-6.344,76.36,5.914,7.464,151.4
"2026-03-04 19:01:00",3204,12.72,-6.278,75.41,3.843,4.665,142.3
"2026-03-04 19:02:00",3205,12.72,-6.264,75.03,2.094,3.099,79.07
"2026-03-04 19:03:00",3206,12.72,-6.245,74.96,1.125,2.566,94.4
"2026-03-04 19:04:00",3207,12.72,-6.307,75.65,1.994,2.699,23.93
"2026-03-04 19:05:00",3208,12.72,-6.429,76.83,2.274,3.432,60.81
"2026-03-04 19:06:00",3209,12.72,-6.512,76.66,4.462,6.331,148.3
"2026-03-04 19:07:00",3210,12.72,-6.443,75.95,5.537,7.197,96.2
"2026-03-04 19:08:00",3211,12.72,-6.415,75.03,5.692,7.83,115.8
"2026-03-04 19:09:00",3212,12.72,-6.358,74.9,1.097,2.366,139.1
"2026-03-04 19:10:00",3213,12.72,-6.373,76.05,2.338,3.865,4.54
"2026-03-04 19:11:00",3214,12.72,-6.54,77.75,2.58,2.965,16.47
"2026-03-04 19:12:00",3215,12.72,-6.71,79.01,2.971,3.499,8.98
"2026-03-04 19:13:00",3216,12.72,-6.838,79.83,2.238,3.132,17.34
"2026-03-04 19:14:00",3217,12.72,-6.971,80.6,1.958,3.565,40.18
"2026-03-04 19:15:00",3218,12.72,-7.025,80.7,3.94,5.464,55.88
"2026-03-04 19:16:00",3219,12.72,-6.836,78.57,5.151,5.731,45.35
"2026-03-04 19:17:00",3220,12.72,-6.688,77.96,5.295,6.064,46.51
"2026-03-04 19:18:00",3221,12.72,-6.688,78.94,3.737,4.831,39.94
"2026-03-04 19:19:00",3222,12.72,-6.796,79.72,2.008,2.899,99.1
"2026-03-04 19:20:00",3223,12.72,-6.913,80.3,0.608,1.666,64.28
"2026-03-04 19:21:00",3224,12.72,-6.953,80.6,0,0,63.89
"2026-03-04 19:22:00",3225,12.72,-6.981,80.4,0.586,2.132,183.8
"2026-03-04 19:23:00",3226,12.72,-6.914,78.53,1.824,2.399,131.2
"2026-03-04 19:24:00",3227,12.72,-6.766,77.27,2.063,3.632,92.3
"2026-03-04 19:25:00",3228,12.72,-6.686,75.98,4.109,6.831,79.3
"2026-03-04 19:26:00",3229,12.72,-6.604,74.93,2.813,3.232,61.38
"2026-03-04 19:27:00",3230,12.72,-6.555,74.35,2.166,4.332,48.15
"2026-03-04 19:28:00",3231,12.72,-6.488,73.33,4.518,8.73,58.9
"2026-03-04 19:29:00",3232,12.72,-6.437,71.73,5.689,7.364,51.65
"2026-03-04 19:30:00",3233,12.72,-6.38,71.97,3.579,6.231,39.87
"2026-03-04 19:31:00",3234,12.72,-6.384,72.44,5.065,5.998,27.14
"2026-03-04 19:32:00",3235,12.72,-6.412,72.81,2.474,4.698,35.13
"2026-03-04 19:33:00",3236,12.72,-6.416,72.37,5.484,7.264,63.94
"2026-03-04 19:34:00",3237,12.72,-6.375,72.1,7.791,10.5,60.85
"2026-03-04 19:35:00",3238,12.72,-6.378,71.66,4.751,6.964,97.2
"2026-03-04 19:36:00",3239,12.72,-6.376,71.28,5.717,8.63,67.23
"2026-03-04 19:37:00",3240,12.72,-6.33,70.98,3.651,4.665,161.7
"2026-03-04 19:38:00",3241,12.72,-6.314,71.32,2.507,3.465,200.5
"2026-03-04 19:39:00",3242,12.72,-6.334,71.69,4.337,5.531,215.7
"2026-03-04 19:40:00",3243,12.72,-6.337,72.06,1.794,4.032,21.63
"2026-03-04 19:41:00",3244,12.72,-6.374,72.95,3.893,5.365,48.27
"2026-03-04 19:42:00",3245,12.72,-6.44,72.91,6.733,8.83,54.42
"2026-03-04 19:43:00",3246,12.72,-6.454,72.44,6.02,7.697,50.71
"2026-03-04 19:44:00",3247,12.72,-6.451,72.88,4.423,5.098,81.9
"2026-03-04 19:45:00",3248,12.72,-6.468,72.3,4.451,6.997,61.76
"2026-03-04 19:46:00",3249,12.72,-6.451,71.99,0.866,2.799,209.3
"2026-03-04 19:47:00",3250,12.72,-6.434,72.1,0.969,1.666,74.63
"2026-03-04 19:48:00",3251,12.72,-6.442,72.1,4.701,7.364,71.35
"2026-03-04 19:49:00",3252,12.72,-6.396,71.49,4.326,8.33,179.8
"2026-03-04 19:50:00",3253,12.72,-6.391,72.34,3.962,6.697,131.3
"2026-03-04 19:51:00",3254,12.72,-6.439,72.68,3.846,6.931,184.7
"2026-03-04 19:52:00",3255,12.72,-6.462,72.34,2.013,4.565,282.5
"2026-03-04 19:53:00",3256,12.72,-6.46,72.81,1.888,4.765,292.2
"2026-03-04 19:54:00",3257,12.72,-6.471,73.02,2.53,5.831,333.6
"2026-03-04 19:55:00",3258,12.72,-6.505,73.36,6.953,11.13,21.1
"2026-03-04 19:56:00",3259,12.72,-6.539,73.22,8.4,14.33,1.473
"2026-03-04 19:57:00",3260,12.72,-6.511,73.22,6.386,9.93,48.99
"2026-03-04 19:58:00",3261,12.72,-6.514,73.05,5.592,7.63,25.06
"2026-03-04 19:59:00",3262,12.72,-6.528,72.98,4.237,5.531,48.12
"2026-03-04 20:00:00",3263,12.72,-6.502,72.71,0.833,3.099,55.68
"2026-03-04 20:01:00",3264,12.72,-6.516,73.29,5.059,8.33,59.13
"2026-03-04 20:02:00",3265,12.72,-6.511,73.76,4.876,7.33,97
"2026-03-04 20:03:00",3266,12.72,-6.556,73.83,5.573,10.83,34.7
"2026-03-04 20:04:00",3267,12.72,-6.587,74.04,3.726,7.93,16.76
"2026-03-04 20:05:00",3268,12.72,-6.607,74.78,5.986,9.56,30.98
"2026-03-04 20:06:00",3269,12.72,-6.667,75.19,7.794,9.2,39.07
"2026-03-04 20:07:00",3270,12.72,-6.712,75.33,9.16,14.23,47.33
"2026-03-04 20:08:00",3271,12.72,-6.698,74.75,7.511,11.36,62.34
"2026-03-04 20:09:00",3272,12.72,-6.698,75.4,5.692,9.23,61.57
"2026-03-04 20:10:00",3273,12.72,-6.706,75.5,7.464,14.93,47.16
"2026-03-04 20:11:00",3274,12.72,-6.715,75.36,5.101,8.06,41.8
"2026-03-04 20:12:00",3275,12.72,-6.726,75.43,7.272,10.2,47.9
"2026-03-04 20:13:00",3276,12.72,-6.738,75.84,7.528,10.53,36.82
"2026-03-04 20:14:00",3277,12.72,-6.76,75.94,8.24,10.96,72.58
"2026-03-04 20:15:00",3278,12.72,-6.774,75.77,6.367,9.23,50.51
"2026-03-04 20:16:00",3279,12.72,-6.78,76.21,8.66,11.43,65.34
"2026-03-04 20:17:00",3280,12.72,-6.808,76.45,6.545,8.56,49.74
"2026-03-04 20:18:00",3281,12.72,-6.862,77.13,8.17,10.76,73.09
"2026-03-04 20:19:00",3282,12.72,-6.876,77.27,7.528,9.93,65.92
"2026-03-04 20:20:00",3283,12.73,-6.876,77.4,6.184,9.73,54.13
"2026-03-04 20:21:00",3284,12.73,-6.902,77.5,5.67,10.9,47.45
"2026-03-04 20:22:00",3285,12.72,-6.905,77.64,7.458,8.5,49.16
"2026-03-04 20:23:00",3286,12.72,-6.944,77.2,7.497,8.96,49.4
"2026-03-04 20:24:00",3287,12.72,-6.905,76.48,5.145,7.297,51.62
"2026-03-04 20:25:00",3288,12.73,-6.854,76.14,6.808,9.86,54.71
"2026-03-04 20:26:00",3289,12.73,-6.845,75.67,7.883,10.4,42.64
"2026-03-04 20:27:00",3290,12.72,-6.774,75.02,5.695,8.83,155.9
"2026-03-04 20:28:00",3291,12.73,-6.735,74.75,1.219,2.532,76.08
"2026-03-04 20:29:00",3292,12.73,-6.721,75.29,6.514,10.43,74.05
"2026-03-04 20:30:00",3293,12.73,-6.749,75.33,7.422,9.5,130.1
"2026-03-04 20:31:00",3294,12.73,-6.738,75.16,5.725,7.73,164
"2026-03-04 20:32:00",3295,12.73,-6.729,75.12,4.593,6.831,75.5
"2026-03-04 20:33:00",3296,12.73,-6.74,75.46,4.32,6.064,88.2
"2026-03-04 20:34:00",3297,12.73,-6.772,75.8,6.136,9.26,61.52
"2026-03-04 20:35:00",3298,12.73,-6.76,75.77,6.933,10.16,78.52
"2026-03-04 20:36:00",3299,12.73,-6.757,75.74,5.764,7.364,71.95
"2026-03-04 20:37:00",3300,12.73,-6.76,75.97,5.667,8.23,85
"2026-03-04 20:38:00",3301,12.73,-6.786,76.08,3.318,3.865,102.5
"2026-03-04 20:39:00",3302,12.73,-6.823,76.31,2.796,3.365,98.3
"2026-03-04 20:40:00",3303,12.73,-6.831,76.28,3.837,4.698,89.6
"2026-03-04 20:41:00",3304,12.73,-6.874,76.96,4.151,5.698,79.44
"2026-03-04 20:42:00",3305,12.73,-6.916,77.78,5.148,6.664,79.44
"2026-03-04 20:43:00",3306,12.73,-6.973,78.59,4.387,4.931,72.58
"2026-03-04 20:44:00",3307,12.73,-6.993,78.9,2.971,3.465,79.29
"2026-03-04 20:45:00",3308,12.73,-7.052,79.41,4.087,4.432,66.59
"2026-03-04 20:46:00",3309,12.73,-7.114,79.92,3.465,4.298,55.2
"2026-03-04 20:47:00",3310,12.73,-7.177,80.4,3.288,3.599,55.58
"2026-03-04 20:48:00",3311,12.73,-7.256,81.1,3.113,3.432,49.59
"2026-03-04 20:49:00",3312,12.73,-7.296,82,4.121,4.532,43.8
"2026-03-04 20:50:00",3313,12.73,-7.386,82.8,3.896,4.265,49.26
"2026-03-04 20:51:00",3314,12.73,-7.412,83.4,3.485,3.898,53.94
"2026-03-04 20:52:00",3315,12.73,-7.477,83.6,3.376,3.932,80.2
"2026-03-04 20:53:00",3316,12.73,-7.474,84,4.429,4.898,71.42
"2026-03-04 20:54:00",3317,12.73,-7.455,84,4.49,5.464,45.18
"2026-03-04 20:55:00",3318,12.73,-7.421,84.2,4.64,5.131,50.27
"2026-03-04 20:56:00",3319,12.73,-7.429,84.4,5.162,5.931,38.42
"2026-03-04 20:57:00",3320,12.73,-7.497,84.8,5.873,6.497,44.67
"2026-03-04 20:58:00",3321,12.73,-7.582,85.3,5.542,6.098,49.62
"2026-03-04 20:59:00",3322,12.73,-7.63,85.9,6.195,6.597,50.22
"2026-03-04 21:00:00",3323,12.73,-7.647,86.4,6,6.297,43.99
"2026-03-04 21:01:00",3324,12.73,-7.647,86.7,6.658,8.4,53.94
"2026-03-04 21:02:00",3325,12.73,-7.636,86.9,6.395,7.197,62.63
"2026-03-04 21:03:00",3326,12.73,-7.698,87.3,5.864,6.364,49.4
"2026-03-04 21:04:00",3327,12.73,-7.755,88.2,6.742,7.897,56.74
"2026-03-04 21:05:00",3328,12.73,-7.735,90.2,7.161,7.73,60.22
"2026-03-04 21:06:00",3329,12.73,-7.687,91,7.039,9.33,58.92
"2026-03-04 21:07:00",3330,12.73,-7.644,91.3,7.611,8.56,71.45
"2026-03-04 21:08:00",3331,12.73,-7.551,91.5,8.55,9.7,69.97
"2026-03-04 21:09:00",3332,12.73,-7.489,91.6,9.02,9.66,75.94
"2026-03-04 21:10:00",3333,12.73,-7.452,91.5,8.2,8.6,73.06
"2026-03-04 21:11:00",3334,12.73,-7.469,91.7,6.397,7.23,65.92
"2026-03-04 21:12:00",3335,12.73,-7.5,91.7,6.667,7.164,65.34
"2026-03-04 21:13:00",3336,12.73,-7.548,91.7,5.95,6.364,58.96
"2026-03-04 21:14:00",3337,12.73,-7.593,91.9,6.436,7.13,64.01
"2026-03-04 21:15:00",3338,12.73,-7.588,92.1,6.867,7.664,63.31
"2026-03-04 21:16:00",3339,12.73,-7.613,92.2,7.275,8.1,68.72
"2026-03-04 21:17:00",3340,12.73,-7.647,92.4,6.992,7.264,70.6
"2026-03-04 21:18:00",3341,12.73,-7.681,92.7,6.67,7.464,64.32
"2026-03-04 21:19:00",3342,12.73,-7.71,92.9,5.948,6.864,51.77
"2026-03-04 21:20:00",3343,12.73,-7.752,93.2,6.334,7.963,69.61
"2026-03-04 21:21:00",3344,12.73,-7.729,93.4,7.194,7.997,77.63
"2026-03-04 21:22:00",3345,12.73,-7.71,93.8,7.086,7.864,70.67
"2026-03-04 21:23:00",3346,12.73,-7.721,94,7.622,8.23,76.28
"2026-03-04 21:24:00",3347,12.73,-7.707,94.2,6.339,7.497,72.1
"2026-03-04 21:25:00",3348,12.73,-7.738,94.3,5.914,7.097,68.96
"2026-03-04 21:26:00",3349,12.73,-7.749,94.4,6.075,6.531,65.48
"2026-03-04 21:27:00",3350,12.73,-7.729,94.5,6.023,6.797,61.76
"2026-03-04 21:28:00",3351,12.73,-7.724,94.5,6.395,7.164,65.77
"2026-03-04 21:29:00",3352,12.73,-7.732,94.6,6.02,6.664,63.91
"2026-03-04 21:30:00",3353,12.73,-7.718,94.6,5.737,6.597,70.26
"2026-03-04 21:31:00",3354,12.73,-7.727,94.7,6.461,6.797,69.39
"2026-03-04 21:32:00",3355,12.73,-7.772,94.7,6.303,7.73,72.51
"2026-03-04 21:33:00",3356,12.73,-7.758,94.8,6.153,7.33,77.31
"2026-03-04 21:34:00",3357,12.73,-7.738,94.7,6.242,7.13,70.99
"2026-03-04 21:35:00",3358,12.73,-7.744,94.7,6.314,6.997,79.1
"2026-03-04 21:36:00",3359,12.73,-7.766,94.8,6.553,6.831,66.21
"2026-03-04 21:37:00",3360,12.73,-7.761,94.8,6.173,6.597,69.44
"2026-03-04 21:38:00",3361,12.73,-7.746,94.8,5.839,6.597,68.65
"2026-03-04 21:39:00",3362,12.73,-7.775,94.7,5.956,6.397,63.62
"2026-03-04 21:40:00",3363,12.73,-7.775,94.8,6.25,6.864,63.58
"2026-03-04 21:41:00",3364,12.73,-7.775,94.7,5.8,6.497,62.13
"2026-03-04 21:42:00",3365,12.73,-7.814,94.7,5.506,6.131,64.42
"2026-03-04 21:43:00",3366,12.73,-7.783,94.7,5.328,5.698,69.49
"2026-03-04 21:44:00",3367,12.73,-7.809,94.6,5.381,6.131,65.51
"2026-03-04 21:45:00",3368,12.73,-7.817,94.6,5.581,6.764,74.44
"2026-03-04 21:46:00",3369,12.73,-7.795,94.6,6.42,7.197,72.58
"2026-03-04 21:47:00",3370,12.73,-7.814,94.6,5.34,5.898,58.58
"2026-03-04 21:48:00",3371,12.73,-7.829,94.4,5.265,5.598,67.46
"2026-03-04 21:49:00",3372,12.73,-7.823,94.3,6.894,7.83,57.64
"2026-03-04 21:50:00",3373,12.73,-7.803,94.3,6.622,7.13,65.77
"2026-03-04 21:51:00",3374,12.73,-7.831,94.2,6.142,7.264,60.22
"2026-03-04 21:52:00",3375,12.73,-7.851,94.1,5.298,5.931,60.82
"2026-03-04 21:53:00",3376,12.73,-7.863,94,4.512,5.131,58.6
"2026-03-04 21:54:00",3377,12.73,-7.891,94,4.837,5.198,58.43
"2026-03-04 21:55:00",3378,12.73,-7.902,94,4.143,5.331,35.74
"2026-03-04 21:56:00",3379,12.73,-7.928,93.9,2.485,3.032,56.07
"2026-03-04 21:57:00",3380,12.73,-7.933,94,3.199,3.798,38.46
"2026-03-04 21:58:00",3381,12.73,-7.936,94,2.735,3.199,52.4
"2026-03-04 21:59:00",3382,12.73,-7.959,94,3.207,3.699,68.28
"2026-03-04 22:00:00",3383,12.73,-7.939,94,4.712,5.365,57.9
"2026-03-04 22:01:00",3384,12.73,-7.939,94.1,5.029,5.664,58.77
"2026-03-04 22:02:00",3385,12.73,-7.953,94,4.976,5.431,51.31
"2026-03-04 22:03:00",3386,12.73,-7.967,94.1,5.748,6.297,59.71
"2026-03-04 22:04:00",3387,12.73,-7.97,94.1,5.62,6.098,59.37
"2026-03-04 22:05:00",3388,12.73,-7.993,94,5.817,6.164,58.26
"2026-03-04 22:06:00",3389,12.73,-7.996,94.1,5.545,6.297,57.8
"2026-03-04 22:07:00",3390,12.73,-8,94,5.503,5.831,63.12
"2026-03-04 22:08:00",3391,12.73,-7.999,94.1,5.631,6.531,64.9
"2026-03-04 22:09:00",3392,12.73,-7.993,94,5.72,6.764,65.82
"2026-03-04 22:10:00",3393,12.73,-7.962,94,4.973,5.498,77
"2026-03-04 22:11:00",3394,12.73,-7.965,94,5.192,5.431,73.45
"2026-03-04 22:12:00",3395,12.73,-7.99,94,4.929,5.298,65.48
"2026-03-04 22:13:00",3396,12.73,-8,93.9,5.528,6.164,68.48
"2026-03-04 22:14:00",3397,12.73,-8.04,93.8,5.662,6.164,66.26
"2026-03-04 22:15:00",3398,12.73,-8.06,93.8,5.542,6.964,69.44
"2026-03-04 22:16:00",3399,12.73,-8.07,93.8,5.07,6.331,63.7
"2026-03-04 22:17:00",3400,12.73,-8.07,93.8,4.776,4.965,65.82
"2026-03-04 22:18:00",3401,12.73,-8.07,93.9,5.19,5.931,53.55
"2026-03-04 22:19:00",3402,12.73,-8.07,93.9,5.315,5.831,58.58
"2026-03-04 22:20:00",3403,12.73,-8.07,93.9,5.056,5.431,58.75
"2026-03-04 22:21:00",3404,12.73,-8.08,93.9,5.273,6.364,62.66
"2026-03-04 22:22:00",3405,12.73,-8.06,94,5.526,6.531,65.39
"2026-03-04 22:23:00",3406,12.73,-8.06,93.9,4.773,5.365,68.24
"2026-03-04 22:24:00",3407,12.73,-8.08,93.9,4.54,4.831,63.99
"2026-03-04 22:25:00",3408,12.73,-8.08,93.8,3.81,4.232,63.89
"2026-03-04 22:26:00",3409,12.73,-8.1,93.8,3.562,3.898,59.16
"2026-03-04 22:27:00",3410,12.73,-8.1,93.7,3.615,4.132,64.13
"2026-03-04 22:28:00",3411,12.73,-8.11,93.7,3.851,4.498,56.16
"2026-03-04 22:29:00",3412,12.73,-8.13,93.6,4.179,5.198,41.87
"2026-03-04 22:30:00",3413,12.73,-8.16,93.5,4.582,4.998,55.99
"2026-03-04 22:31:00",3414,12.73,-8.13,93.5,5.501,6.131,52.56
"2026-03-04 22:32:00",3415,12.73,-8.12,93.5,5.998,6.497,54.28
"2026-03-04 22:33:00",3416,12.73,-8.09,93.4,4.873,6.031,57.47
"2026-03-04 22:34:00",3417,12.73,-8.1,93.2,5.728,6.531,64.64
"2026-03-04 22:35:00",3418,12.73,-8.14,93.1,5.167,5.498,61.86
"2026-03-04 22:36:00",3419,12.73,-8.15,93,4.623,4.931,57.8
"2026-03-04 22:37:00",3420,12.73,-8.15,93,3.921,4.498,57.9
"2026-03-04 22:38:00",3421,12.73,-8.18,93,3.596,3.898,59.83
"2026-03-04 22:39:00",3422,12.73,-8.22,93,4.021,4.831,60.75
"2026-03-04 22:40:00",3423,12.73,-8.2,92.9,3.982,5.131,71.08
"2026-03-04 22:41:00",3424,12.73,-8.19,92.9,4.412,5.631,56.07
"2026-03-04 22:42:00",3425,12.73,-8.2,92.9,3.94,4.532,58.77
"2026-03-04 22:43:00",3426,12.73,-8.2,92.9,4.745,5.464,57.22
"2026-03-04 22:44:00",3427,12.73,-8.2,92.8,4.52,5.065,64.95
"2026-03-04 22:45:00",3428,12.73,-8.2,92.7,6.045,6.631,65.53
"2026-03-04 22:46:00",3429,12.73,-8.19,92.7,6.581,7.097,72.85
"2026-03-04 22:47:00",3430,12.73,-8.19,92.7,6.6,7.197,67.87
"2026-03-04 22:48:00",3431,12.73,-8.16,92.7,6.5,7.43,65.53
"2026-03-04 22:49:00",3432,12.73,-8.16,92.7,5.773,6.497,61.28
"2026-03-04 22:50:00",3433,12.73,-8.21,92.6,6.286,7.197,64.69
"2026-03-04 22:51:00",3434,12.72,-8.18,92.6,6.953,7.897,66.3
"2026-03-04 22:52:00",3435,12.73,-8.19,92.6,6.02,6.764,66.4
"2026-03-04 22:53:00",3436,12.73,-8.21,92.6,7.186,7.764,69.8
"2026-03-04 22:54:00",3437,12.73,-8.2,92.8,6.375,7.097,76.54
"2026-03-04 22:55:00",3438,12.72,-8.22,92.8,5.581,6.297,70.67
"2026-03-04 22:56:00",3439,12.73,-8.25,92.8,5.473,5.831,69.15
"2026-03-04 22:57:00",3440,12.72,-8.25,92.9,5.634,6.131,69.44
"2026-03-04 22:58:00",3441,12.72,-8.24,92.9,5.006,5.464,72.58
"2026-03-04 22:59:00",3442,12.72,-8.25,93,5.506,6.131,64.4
"2026-03-04 23:00:00",3443,12.73,-8.23,93.1,5.351,6.031,72.46
"2026-03-04 23:01:00",3444,12.73,-8.24,93.1,5.101,5.964,78.47
"2026-03-04 23:02:00",3445,12.73,-8.24,93.1,5.162,5.731,74.39
"2026-03-04 23:03:00",3446,12.73,-8.24,93.2,5.045,5.931,78.86
"2026-03-04 23:04:00",3447,12.72,-8.24,93.1,5.681,6.697,69.66
"2026-03-04 23:05:00",3448,12.72,-8.21,93.1,6.514,7.297,75.65
"2026-03-04 23:06:00",3449,12.73,-8.22,93.1,6.547,7.397,69.25
"2026-03-04 23:07:00",3450,12.72,-8.22,93.2,6.922,7.764,75.17
"2026-03-04 23:08:00",3451,12.72,-8.24,93,7.108,7.53,73.45
"2026-03-04 23:09:00",3452,12.72,-8.25,93.1,7.244,7.797,59.33
"2026-03-04 23:10:00",3453,12.72,-8.25,93.1,6.117,6.764,68.04
"2026-03-04 23:11:00",3454,12.72,-8.28,93.1,5.226,5.698,64.9
"2026-03-04 23:12:00",3455,12.72,-8.28,93.1,4.879,5.398,64.47
"2026-03-04 23:13:00",3456,12.72,-8.3,93.1,5.617,6.997,67.99
"2026-03-04 23:14:00",3457,12.72,-8.31,93.2,6.347,7.264,59.81
"2026-03-04 23:15:00",3458,12.72,-8.28,93.1,5.598,6.331,71.16
"2026-03-04 23:16:00",3459,12.72,-8.3,93.3,6.136,7.497,64.15
"2026-03-04 23:17:00",3460,12.72,-8.28,93.3,5.781,6.664,68.81
"2026-03-04 23:18:00",3461,12.73,-8.29,93.3,5.362,6.131,61.89
"2026-03-04 23:19:00",3462,12.72,-8.3,93.2,5.606,6.164,62.63
"2026-03-04 23:20:00",3463,12.72,-8.34,93.1,4.987,5.731,65.36
"2026-03-04 23:21:00",3464,12.73,-8.38,93.1,5.526,6.064,70.55
"2026-03-04 23:22:00",3465,12.72,-8.37,93.1,5.031,6.364,57.52
"2026-03-04 23:23:00",3466,12.72,-8.41,93,4.037,4.965,72.34
"2026-03-04 23:24:00",3467,12.72,-8.43,93.1,5.545,6.098,70.89
"2026-03-04 23:25:00",3468,12.72,-8.41,93.1,4.798,5.331,60.27
"2026-03-04 23:26:00",3469,12.72,-8.46,93.1,5.589,5.998,64.64
"2026-03-04 23:27:00",3470,12.72,-8.45,93.1,5.439,5.898,63.55
"2026-03-04 23:28:00",3471,12.72,-8.46,93.2,5.773,6.531,65.85
"2026-03-04 23:29:00",3472,12.72,-8.43,93.2,6.5,7.53,65.58
"2026-03-04 23:30:00",3473,12.72,-8.4,93.1,6.011,6.564,69.15
"2026-03-04 23:31:00",3474,12.72,-8.4,93.2,5.134,5.898,64.86
"2026-03-04 23:32:00",3475,12.72,-8.41,93,5.001,5.431,69.49
"2026-03-04 23:33:00",3476,12.72,-8.45,92.9,5.248,6.098,67.66
"2026-03-04 23:34:00",3477,12.72,-8.44,93,4.562,5.065,63.75
"2026-03-04 23:35:00",3478,12.72,-8.47,92.9,4.884,5.664,68.43
"2026-03-04 23:36:00",3479,12.72,-8.51,92.7,4.601,5.198,65
"2026-03-04 23:37:00",3480,12.72,-8.49,92.7,5.02,5.798,61.38
"2026-03-04 23:38:00",3481,12.72,-8.51,92.6,4.959,6.064,62.73
"2026-03-04 23:39:00",3482,12.72,-8.55,92.6,4.576,5.631,53.31
"2026-03-04 23:40:00",3483,12.72,-8.56,92.4,4.598,5.065,51.77
"2026-03-04 23:41:00",3484,12.72,-8.6,92.3,4.637,5.265,61.96
"2026-03-04 23:42:00",3485,12.72,-8.63,92.2,4.418,4.931,53.72
"2026-03-04 23:43:00",3486,12.72,-8.63,92.2,4.695,5.065,56.45
"2026-03-04 23:44:00",3487,12.72,-8.64,92.1,4.368,5.031,54.09
"2026-03-04 23:45:00",3488,12.72,-8.69,92.1,3.743,4.365,55.68
"2026-03-04 23:46:00",3489,12.72,-8.7,92,3.574,3.932,53.27
"2026-03-04 23:47:00",3490,12.72,-8.74,91.9,3.607,4.265,52.01
"2026-03-04 23:48:00",3491,12.72,-8.79,91.9,4.093,5.331,57.81
"2026-03-04 23:49:00",3492,12.72,-8.83,91.9,3.948,4.965,63.12
"2026-03-04 23:50:00",3493,12.72,-8.84,91.9,3.918,4.498,48.73
"2026-03-04 23:51:00",3494,12.72,-8.88,91.8,2.879,3.265,46.41
"2026-03-04 23:52:00",3495,12.72,-8.93,91.8,3.224,3.599,78.21
"2026-03-04 23:53:00",3496,12.72,-8.92,92,3.926,4.665,60.08
"2026-03-04 23:54:00",3497,12.72,-8.88,92.1,3.693,4.332,46.12
"2026-03-04 23:55:00",3498,12.72,-8.91,92.1,2.691,3.232,41.77
"2026-03-04 23:56:00",3499,12.72,-8.89,92,1.833,2.266,43.61
"2026-03-04 23:57:00",3500,12.72,-8.94,92,2.785,3.699,56.55
"2026-03-04 23:58:00",3501,12.72,-8.99,92.1,2.449,2.899,50.85
"2026-03-04 23:59:00",3502,12.72,-9.02,91.9,3.199,3.665,56.26
"2026-03-05 00:00:00",3503,12.72,-9.06,92.1,3.135,3.632,57.93
"2026-03-05 00:01:00",3504,12.72,-9.02,92.1,3.213,4.165,52.21
"2026-03-05 00:02:00",3505,12.72,-9.04,92.1,2.924,3.099,48.92
"2026-03-05 00:03:00",3506,12.72,-9.03,92.2,2.674,3.199,53.18
"2026-03-05 00:04:00",3507,12.72,-9.01,92.3,3.31,3.898,56.1
"2026-03-05 00:05:00",3508,12.72,-8.99,92.3,3.679,4.165,61.36
"2026-03-05 00:06:00",3509,12.72,-8.94,92.3,3.565,4.132,52.31
"2026-03-05 00:07:00",3510,12.72,-8.95,92.3,3.932,4.865,48.49
"2026-03-05 00:08:00",3511,12.72,-8.93,92.3,3.732,4.065,50.88
"2026-03-05 00:09:00",3512,12.72,-8.96,92.1,4.048,4.865,62.98
"2026-03-05 00:10:00",3513,12.72,-8.95,92.1,3.696,4.532,55.88
"2026-03-05 00:11:00",3514,12.72,-8.98,92,4.29,5.531,52.98
"2026-03-05 00:12:00",3515,12.72,-8.97,92.1,4.965,6.131,70.76
"2026-03-05 00:13:00",3516,12.72,-8.94,92.2,5.276,6.231,57.81
"2026-03-05 00:14:00",3517,12.72,-8.91,92.1,4.84,5.365,61.39
"2026-03-05 00:15:00",3518,12.72,-8.91,92.1,4.443,4.865,62.93
"2026-03-05 00:16:00",3519,12.72,-8.94,92,4.687,5.165,67.47
"2026-03-05 00:17:00",3520,12.72,-8.94,92,5.098,5.998,63.37
"2026-03-05 00:18:00",3521,12.72,-8.97,91.9,4.962,5.531,64.24
"2026-03-05 00:19:00",3522,12.72,-8.99,91.8,4.656,4.998,65.98
"2026-03-05 00:20:00",3523,12.72,-9.03,91.7,4.112,4.398,60.91
"2026-03-05 00:21:00",3524,12.72,-9.05,91.7,3.798,4.198,58.1
"2026-03-05 00:22:00",3525,12.72,-9.06,91.7,4.018,4.532,67.38
"2026-03-05 00:23:00",3526,12.72,-9.05,91.8,5.134,5.931,51.34
"2026-03-05 00:24:00",3527,12.72,-9,91.7,4.99,5.531,61.41
"2026-03-05 00:25:00",3528,12.72,-9,91.7,5.734,7.23,60.35
"2026-03-05 00:26:00",3529,12.72,-8.97,91.8,5.884,6.831,71.14
"2026-03-05 00:27:00",3530,12.72,-9,91.5,4.068,5.031,65.93
"2026-03-05 00:28:00",3531,12.72,-9.05,91.4,4.14,4.865,75.08
"2026-03-05 00:29:00",3532,12.72,-9.05,91.5,3.823,4.032,70.08
"2026-03-05 00:30:00",3533,12.72,-9.06,91.6,4.054,5.098,60.76
"2026-03-05 00:31:00",3534,12.72,-9.05,91.5,5.526,6.098,67.09
"2026-03-05 00:32:00",3535,12.72,-9.04,91.6,5.484,6.131,80.7
"2026-03-05 00:33:00",3536,12.72,-9.04,91.6,5.253,5.931,72.4
"2026-03-05 00:34:00",3537,12.72,-9.02,91.7,5.273,5.898,72.88
"2026-03-05 00:35:00",3538,12.72,-9.04,91.7,4.737,5.265,72.79
"2026-03-05 00:36:00",3539,12.72,-9.03,91.6,4.826,5.065,75.15
"2026-03-05 00:37:00",3540,12.72,-9.04,91.7,4.743,5.098,68.03
"2026-03-05 00:38:00",3541,12.72,-9.04,91.7,4.32,5.165,66.27
"2026-03-05 00:39:00",3542,12.72,-9.05,91.8,5.187,6.031,66.46
"2026-03-05 00:40:00",3543,12.72,-9.03,91.7,4.662,5.631,67.86
"2026-03-05 00:41:00",3544,12.72,-9.02,91.6,4.834,5.764,72.93
"2026-03-05 00:42:00",3545,12.72,-9.06,91.6,5.609,6.131,71.68
"2026-03-05 00:43:00",3546,12.72,-9.04,91.6,5.342,5.698,71.34
"2026-03-05 00:44:00",3547,12.72,-9.04,91.6,5.228,5.864,72.81
"2026-03-05 00:45:00",3548,12.72,-9.03,91.6,6.059,6.897,73.27
"2026-03-05 00:46:00",3549,12.72,-8.97,91.6,5.995,6.564,64.43
"2026-03-05 00:47:00",3550,12.72,-8.95,91.5,4.99,5.764,73.71
"2026-03-05 00:48:00",3551,12.72,-8.98,91.4,4.557,4.965,59.87
"2026-03-05 00:49:00",3552,12.72,-8.99,91.3,5.637,7.097,61.39
"2026-03-05 00:50:00",3553,12.72,-8.94,91.3,5.981,6.864,69.1
"2026-03-05 00:51:00",3554,12.72,-8.9,91,6.267,6.997,75.16
"2026-03-05 00:52:00",3555,12.72,-8.86,90.9,7.125,8.06,64.92
"2026-03-05 00:53:00",3556,12.72,-8.85,90.5,6.531,7.697,63.42
"2026-03-05 00:54:00",3557,12.72,-8.85,90.3,6.217,7.197,61.66
"2026-03-05 00:55:00",3558,12.72,-8.88,90,5.087,5.731,63.56
"2026-03-05 00:56:00",3559,12.72,-8.92,90,6.009,6.531,52.89
"2026-03-05 00:57:00",3560,12.72,-8.91,89.9,5.317,6.331,48.11
"2026-03-05 00:58:00",3561,12.72,-8.93,89.9,5.645,6.497,53.25
"2026-03-05 00:59:00",3562,12.72,-8.94,89.9,5.484,6.564,58.49
"2026-03-05 01:00:00",3563,12.72,-8.94,90,5.664,6.131,58.49
"2026-03-05 01:01:00",3564,12.72,-8.92,89.8,6.034,6.631,59.34
"2026-03-05 01:02:00",3565,12.72,-8.92,89.6,5.556,6.231,63.95
"2026-03-05 01:03:00",3566,12.72,-8.88,89.4,5.464,6.098,59.75
"2026-03-05 01:04:00",3567,12.72,-8.89,89.1,5.698,6.397,59.07
"2026-03-05 01:05:00",3568,12.72,-8.91,88.9,5.29,5.731,55.64
"2026-03-05 01:06:00",3569,12.72,-8.92,88.7,4.973,5.431,58.59
"2026-03-05 01:07:00",3570,12.72,-8.88,88.5,5.198,5.664,55.69
"2026-03-05 01:08:00",3571,12.72,-8.86,88.3,5.198,5.798,52.84
"2026-03-05 01:09:00",3572,12.72,-8.88,88.2,5.281,5.864,64.97
"2026-03-05 01:10:00",3573,12.72,-8.88,88,4.934,6.164,55.31
"2026-03-05 01:11:00",3574,12.72,-8.87,87.9,4.579,5.265,49.92
"2026-03-05 01:12:00",3575,12.72,-8.86,87.6,4.315,5.098,40.86
"2026-03-05 01:13:00",3576,12.72,-8.9,87.5,4.745,5.431,42.36
"2026-03-05 01:14:00",3577,12.72,-8.92,87.3,3.912,4.665,12.99
"2026-03-05 01:15:00",3578,12.72,-8.97,87.5,2.993,3.432,22.75
"2026-03-05 01:16:00",3579,12.72,-9.01,87.9,3.346,4.165,25.6
"2026-03-05 01:17:00",3580,12.72,-9.02,88.1,2.985,3.532,26.95
"2026-03-05 01:18:00",3581,12.72,-9.08,88.2,2.913,3.332,29.22
"2026-03-05 01:19:00",3582,12.72,-9.08,88.3,2.799,3.399,39.46
"2026-03-05 01:20:00",3583,12.72,-9.1,88.4,2.868,3.299,25.94
"2026-03-05 01:21:00",3584,12.72,-9.09,88.4,2.169,2.866,41.01
"2026-03-05 01:22:00",3585,12.72,-9.12,88.5,2.207,2.799,51.32
"2026-03-05 01:23:00",3586,12.72,-9.1,88.3,2.607,3.532,66.17
"2026-03-05 01:24:00",3587,12.72,-9.04,87.9,3.879,5.331,56.06
"2026-03-05 01:25:00",3588,12.72,-8.93,86.7,5.098,5.498,77.53
"2026-03-05 01:26:00",3589,12.72,-8.81,84.7,5.57,6.331,76.54
"2026-03-05 01:27:00",3590,12.72,-8.69,81.5,6.506,7.664,68.9
"2026-03-05 01:28:00",3591,12.72,-8.61,79.59,7.447,8.86,57.57
"2026-03-05 01:29:00",3592,12.72,-8.56,79.12,6.931,7.764,59.41
"2026-03-05 01:30:00",3593,12.72,-8.55,79.39,5.789,7.93,66.9
"2026-03-05 01:31:00",3594,12.72,-8.56,78.71,5.664,6.997,55.67
"2026-03-05 01:32:00",3595,12.72,-8.61,80.3,3.24,4.098,21.11
"2026-03-05 01:33:00",3596,12.72,-8.77,82.4,3.14,3.499,31.03
"2026-03-05 01:34:00",3597,12.72,-8.92,84.8,2.591,3.165,34.05
"2026-03-05 01:35:00",3598,12.72,-8.97,85.6,3.088,4.798,71.42
"2026-03-05 01:36:00",3599,12.72,-8.97,85.6,4.407,5.698,57.02
"2026-03-05 01:37:00",3600,12.72,-8.91,85.2,4.14,5.065,60.81
"2026-03-05 01:38:00",3601,12.72,-8.89,84.5,5.423,6.997,41.81
"2026-03-05 01:39:00",3602,12.72,-8.86,84.3,3.887,4.765,78.95
"2026-03-05 01:40:00",3603,12.72,-8.78,83,5.573,7.197,55.4
"2026-03-05 01:41:00",3604,12.72,-8.75,83,4.498,6.264,36.2
"2026-03-05 01:42:00",3605,12.72,-8.82,83.7,4.426,4.965,44.68
"2026-03-05 01:43:00",3606,12.72,-8.86,84.3,5.553,6.931,61.54
"2026-03-05 01:44:00",3607,12.71,-8.8,83.1,7.358,8.53,43.04
"2026-03-05 01:45:00",3608,12.72,-8.78,82.2,5.301,6.464,41.44
"2026-03-05 01:46:00",3609,12.72,-8.83,82.5,4.843,5.564,51.44
"2026-03-05 01:47:00",3610,12.72,-8.84,82.7,5.895,7.23,67.89
"2026-03-05 01:48:00",3611,12.72,-8.8,82.6,5.248,6.264,54.66
"2026-03-05 01:49:00",3612,12.72,-8.76,82.3,7.217,7.963,70.84
"2026-03-05 01:50:00",3613,12.72,-8.68,81.8,7.594,8.9,72.7
"2026-03-05 01:51:00",3614,12.72,-8.66,80.8,7.555,8.93,59.97
"2026-03-05 01:52:00",3615,12.72,-8.65,80.7,6.27,6.797,69.48
"2026-03-05 01:53:00",3616,12.71,-8.69,80.8,6.67,7.497,84.6
"2026-03-05 01:54:00",3617,12.72,-8.66,80.7,7.419,8.63,72.84
"2026-03-05 01:55:00",3618,12.72,-8.66,80.6,6.403,7.13,70.62
"2026-03-05 01:56:00",3619,12.71,-8.65,80.6,6.542,8.56,76.9
"2026-03-05 01:57:00",3620,12.71,-8.63,80.4,7.941,9.7,54.03
"2026-03-05 01:58:00",3621,12.72,-8.68,80.4,7.714,9.63,62.43
"2026-03-05 01:59:00",3622,12.72,-8.72,80.7,7.264,9.33,68.42
"2026-03-05 02:00:00",3623,12.71,-8.7,80.7,8.49,9.06,74.56
"2026-03-05 02:01:00",3624,12.71,-8.65,80,7.875,9.33,82.6
"2026-03-05 02:02:00",3625,12.72,-8.62,79.09,8.89,10,58.59
"2026-03-05 02:03:00",3626,12.72,-8.6,79.02,8.54,9.73,66.44
"2026-03-05 02:04:00",3627,12.71,-8.59,78.54,9.25,9.86,78.32
"2026-03-05 02:05:00",3628,12.71,-8.57,78.51,7.858,9.5,76.85
"2026-03-05 02:06:00",3629,12.71,-8.57,78.51,8.26,9.16,65.09
"2026-03-05 02:07:00",3630,12.72,-8.57,78.68,6.886,7.764,68.86
"2026-03-05 02:08:00",3631,12.71,-8.56,78.75,5.581,6.497,65.02
"2026-03-05 02:09:00",3632,12.71,-8.59,78.85,6.528,8.06,67.67
"2026-03-05 02:10:00",3633,12.71,-8.62,79.22,6.875,8.16,58.21
"2026-03-05 02:11:00",3634,12.71,-8.63,79.6,7.017,7.797,64.87
"2026-03-05 02:12:00",3635,12.71,-8.69,79.91,6.742,7.397,42.53
"2026-03-05 02:13:00",3636,12.71,-8.72,79.97,7.25,8.73,62.51
"2026-03-05 02:14:00",3637,12.71,-8.7,79.63,6.856,8.93,48.74
"2026-03-05 02:15:00",3638,12.71,-8.73,79.74,5.703,7.064,51.78
"2026-03-05 02:16:00",3639,12.71,-8.74,79.74,7.519,10.26,73.81
"2026-03-05 02:17:00",3640,12.71,-8.68,79.19,7.555,9.36,62.17
"2026-03-05 02:18:00",3641,12.71,-8.67,79.22,8.89,11.33,65.76
"2026-03-05 02:19:00",3642,12.71,-8.63,78.98,8.51,11.8,64.77
"2026-03-05 02:20:00",3643,12.71,-8.62,78.75,7.886,9.06,57.58
"2026-03-05 02:21:00",3644,12.71,-8.6,78.65,8.07,9.56,58.23
"2026-03-05 02:22:00",3645,12.71,-8.6,78.82,7.611,9.1,63.33
"2026-03-05 02:23:00",3646,12.71,-8.62,79.09,8.65,10.73,67.84
"2026-03-05 02:24:00",3647,12.71,-8.62,79.23,9.28,11.4,78.81
"2026-03-05 02:25:00",3648,12.71,-8.61,79.19,8.08,9.6,71.44
"2026-03-05 02:26:00",3649,12.71,-8.63,79.39,8.04,9.13,64.85
"2026-03-05 02:27:00",3650,12.71,-8.62,79.36,7.658,8.43,61.63
"2026-03-05 02:28:00",3651,12.71,-8.64,79.66,7.405,8.6,45.31
"2026-03-05 02:29:00",3652,12.71,-8.65,79.8,8.45,10.3,61.46
"2026-03-05 02:30:00",3653,12.71,-8.67,79.73,6.017,8.2,79.39
"2026-03-05 02:31:00",3654,12.71,-8.65,79.63,5.32,6.064,59.49
"2026-03-05 02:32:00",3655,12.71,-8.67,79.7,6.9,7.897,82.6
"2026-03-05 02:33:00",3656,12.71,-8.64,78.95,7.031,8.7,60.24
"2026-03-05 02:34:00",3657,12.71,-8.63,79.23,7.716,8.26,70.89
"2026-03-05 02:35:00",3658,12.71,-8.66,78.92,9.41,10.5,59.1
"2026-03-05 02:36:00",3659,12.71,-8.61,78.99,9.17,10.86,60.21
"2026-03-05 02:37:00",3660,12.71,-8.65,79.5,7.08,8.36,64.82
"2026-03-05 02:38:00",3661,12.71,-8.67,79.74,6.775,7.864,45.7
"2026-03-05 02:39:00",3662,12.71,-8.76,80,7.439,8.63,72.89
"2026-03-05 02:40:00",3663,12.71,-8.72,79.6,9.01,9.93,62.14
"2026-03-05 02:41:00",3664,12.71,-8.69,79.32,9.6,10.76,49.39
"2026-03-05 02:42:00",3665,12.71,-8.67,78.99,9.79,12.13,63.83
"2026-03-05 02:43:00",3666,12.71,-8.64,78.95,9.5,11.86,62.87
"2026-03-05 02:44:00",3667,12.71,-8.67,79.16,8.54,9.23,70.18
"2026-03-05 02:45:00",3668,12.71,-8.67,79.09,10.04,12.1,63.69
"2026-03-05 02:46:00",3669,12.71,-8.68,78.95,9.51,10.43,77.26
"2026-03-05 02:47:00",3670,12.71,-8.68,78.41,9.95,10.96,74.87
"2026-03-05 02:48:00",3671,12.71,-8.67,78.71,9.7,10.53,68.11
"2026-03-05 02:49:00",3672,12.71,-8.68,78.34,9.27,11.33,75.83
"2026-03-05 02:50:00",3673,12.71,-8.66,77.76,10.18,11.5,78.1
"2026-03-05 02:51:00",3674,12.71,-8.64,77.83,7.969,9,72.62
"2026-03-05 02:52:00",3675,12.71,-8.65,77.93,8.05,9.63,68.49
"2026-03-05 02:53:00",3676,12.71,-8.66,77.49,8.67,9.96,66.64
"2026-03-05 02:54:00",3677,12.71,-8.68,77.56,8.34,9.76,62.48
"2026-03-05 02:55:00",3678,12.71,-8.71,77.79,8.45,9.23,68.23
"2026-03-05 02:56:00",3679,12.71,-8.72,77.73,8.52,9.63,55.31
"2026-03-05 02:57:00",3680,12.71,-8.74,77.9,8.45,9.5,60.67
"2026-03-05 02:58:00",3681,12.71,-8.75,77.56,9.39,10.56,63.5
"2026-03-05 02:59:00",3682,12.71,-8.75,77.49,7.328,9.26,53.38
"2026-03-05 03:00:00",3683,12.71,-8.74,77.15,8.95,10.53,67.14
"2026-03-05 03:01:00",3684,12.71,-8.7,76.44,8.78,9.56,75.21
"2026-03-05 03:02:00",3685,12.71,-8.68,76.44,8.93,9.96,72
"2026-03-05 03:03:00",3686,12.71,-8.69,76.44,9.21,10.7,71.49
"2026-03-05 03:04:00",3687,12.71,-8.72,76.71,8.85,10.26,72.17
"2026-03-05 03:05:00",3688,12.71,-8.7,76.3,9,9.8,68.91
"2026-03-05 03:06:00",3689,12.71,-8.69,75.93,9.28,10.2,65.02
"2026-03-05 03:07:00",3690,12.71,-8.68,76.13,9.2,10.1,72.55
"2026-03-05 03:08:00",3691,12.71,-8.69,75.45,9.63,11.16,77.58
"2026-03-05 03:09:00",3692,12.71,-8.67,75.83,7.822,8.4,55.7
"2026-03-05 03:10:00",3693,12.71,-8.7,76.13,6.5,7.43,61.27
"2026-03-05 03:11:00",3694,12.71,-8.7,75.45,8.78,10.26,68.98
"2026-03-05 03:12:00",3695,12.71,-8.7,75.59,8.81,9.93,62.43
"2026-03-05 03:13:00",3696,12.71,-8.73,76.06,8.55,9.6,52.36
"2026-03-05 03:14:00",3697,12.71,-8.75,76.13,8.37,9.23,60.14
"2026-03-05 03:15:00",3698,12.71,-8.75,76.03,7.894,9.36,62.53
"2026-03-05 03:16:00",3699,12.71,-8.76,76.3,9.01,9.8,65.86
"2026-03-05 03:17:00",3700,12.71,-8.74,76,8.94,10.7,66.25
"2026-03-05 03:18:00",3701,12.71,-8.79,75.89,8.02,10.4,57.75
"2026-03-05 03:19:00",3702,12.71,-8.76,76.23,8.61,9.5,73.61
"2026-03-05 03:20:00",3703,12.71,-8.75,75.69,7.38,8.73,72.82
"2026-03-05 03:21:00",3704,12.71,-8.74,75.59,8.76,10.1,55.31
"2026-03-05 03:22:00",3705,12.71,-8.73,75.66,8.44,10.13,71.44
"2026-03-05 03:23:00",3706,12.71,-8.74,75.21,7.389,8.36,65.65
"2026-03-05 03:24:00",3707,12.71,-8.74,75.65,8.51,10.43,76.2
"2026-03-05 03:25:00",3708,12.71,-8.76,75.69,8.95,11.1,60.79
"2026-03-05 03:26:00",3709,12.71,-8.75,75.55,10.53,11.43,75.06
"2026-03-05 03:27:00",3710,12.71,-8.72,75.14,9.95,12.26,72.55
"2026-03-05 03:28:00",3711,12.71,-8.73,75.62,8.98,10.43,67.09
"2026-03-05 03:29:00",3712,12.71,-8.79,76.09,8.57,9.86,65.89
"2026-03-05 03:30:00",3713,12.71,-8.81,76.4,9.15,10.13,54.49
"2026-03-05 03:31:00",3714,12.71,-8.79,76.61,7.886,8.93,74.73
"2026-03-05 03:32:00",3715,12.71,-8.82,77.12,7.908,9.03,72.24
"2026-03-05 03:33:00",3716,12.71,-8.83,77.22,9.19,10.76,80.3
"2026-03-05 03:34:00",3717,12.71,-8.8,76.98,9.78,10.73,76.01
"2026-03-05 03:35:00",3718,12.71,-8.78,77.09,9.62,10.33,75.84
"2026-03-05 03:36:00",3719,12.71,-8.75,76.95,8.04,11.2,70.14
"2026-03-05 03:37:00",3720,12.71,-8.79,77.15,7.408,8.7,66.49
"2026-03-05 03:38:00",3721,12.71,-8.8,77.05,9.69,10.66,70.09
"2026-03-05 03:39:00",3722,12.71,-8.78,77.46,8.16,8.76,66.37
"2026-03-05 03:40:00",3723,12.71,-8.79,77.7,8.06,9,52.31
"2026-03-05 03:41:00",3724,12.71,-8.81,77.15,9.21,10.33,83.3
"2026-03-05 03:42:00",3725,12.71,-8.77,76.95,9.4,10.56,64.13
"2026-03-05 03:43:00",3726,12.71,-8.79,77.46,10.06,12.06,64.97
"2026-03-05 03:44:00",3727,12.71,-8.79,77.29,9.14,10.3,69.39
"2026-03-05 03:45:00",3728,12.71,-8.77,77.26,8.14,10.4,51.16
"2026-03-05 03:46:00",3729,12.71,-8.74,76.98,9.89,11.3,72.29
"2026-03-05 03:47:00",3730,12.71,-8.71,76.85,8.75,9.6,56.18
"2026-03-05 03:48:00",3731,12.71,-8.71,76.92,10.31,11.66,57.99
"2026-03-05 03:49:00",3732,12.71,-8.69,76.71,9.67,11.9,77.92
"2026-03-05 03:50:00",3733,12.71,-8.69,76.68,9.24,12.23,76.25
"2026-03-05 03:51:00",3734,12.71,-8.71,76.71,11.84,13.09,71.11
"2026-03-05 03:52:00",3735,12.71,-8.72,76.51,10.29,11.93,74.41
"2026-03-05 03:53:00",3736,12.71,-8.73,76.88,8.32,11.63,67.46
"2026-03-05 03:54:00",3737,12.71,-8.72,77.02,9.3,11.73,60.19
"2026-03-05 03:55:00",3738,12.71,-8.74,76.92,9.74,11.43,68.55
"2026-03-05 03:56:00",3739,12.71,-8.74,76.81,8.62,10.03,66.08
"2026-03-05 03:57:00",3740,12.71,-8.76,77.12,7.697,8.83,50.91
"2026-03-05 03:58:00",3741,12.71,-8.79,77.77,11.41,14.93,55.21
"2026-03-05 03:59:00",3742,12.71,-8.75,78.04,10.36,12.99,74.78
"2026-03-05 04:00:00",3743,12.71,-8.75,78.31,8.47,10.13,74.46
"2026-03-05 04:01:00",3744,12.71,-8.76,78.14,6.3,9.06,61.45
"2026-03-05 04:02:00",3745,12.71,-8.78,78.21,9.12,10.76,60
"2026-03-05 04:03:00",3746,12.71,-8.78,78.34,8.21,11.3,78.45
"2026-03-05 04:04:00",3747,12.71,-8.79,78.62,6.356,7.33,59.15
"2026-03-05 04:05:00",3748,12.71,-8.86,79.23,7.639,9.4,63.81
"2026-03-05 04:06:00",3749,12.71,-8.88,79.64,9.27,10.3,71.45
"2026-03-05 04:07:00",3750,12.71,-8.87,79.5,9.3,10.46,81.2
"2026-03-05 04:08:00",3751,12.71,-8.82,78.96,7.322,9.6,74.73
"2026-03-05 04:09:00",3752,12.71,-8.81,78.65,8.46,9.76,92.7
"2026-03-05 04:10:00",3753,12.71,-8.77,78.58,6.073,7.397,56.03
"2026-03-05 04:11:00",3754,12.71,-8.79,78.89,6.9,8.26,68.18
"2026-03-05 04:12:00",3755,12.71,-8.83,79.77,10.61,12.83,65.89
"2026-03-05 04:13:00",3756,12.71,-8.81,79.91,8.09,9.26,63.62
"2026-03-05 04:14:00",3757,12.71,-8.85,80.2,7.952,8.6,47.39
"2026-03-05 04:15:00",3758,12.71,-8.92,80.4,6.567,8.06,41.4
"2026-03-05 04:16:00",3759,12.71,-9,80.8,6.919,8.8,39.83
"2026-03-05 04:17:00",3760,12.71,-9.08,81.4,5.734,6.997,41.13
"2026-03-05 04:18:00",3761,12.71,-9.16,81.8,4.34,6.364,33.77
"2026-03-05 04:19:00",3762,12.71,-9.2,82.3,6.928,8.53,49.03
"2026-03-05 04:20:00",3763,12.71,-9.18,82.4,6.9,8.16,50.96
"2026-03-05 04:21:00",3764,12.71,-9.12,82.3,5.081,5.831,31.21
"2026-03-05 04:22:00",3765,12.71,-9.11,82.1,5.367,6.198,34.64
"2026-03-05 04:23:00",3766,12.71,-9.13,82.2,5.206,5.631,32.99
"2026-03-05 04:24:00",3767,12.71,-9.16,82.6,4.959,6.664,73.47
"2026-03-05 04:25:00",3768,12.71,-9.16,82.8,5.714,7.264,45.07
"2026-03-05 04:26:00",3769,12.71,-9.12,82.6,6.023,6.597,16.06
"2026-03-05 04:27:00",3770,12.71,-9.18,83,6.503,7.997,29.23
"2026-03-05 04:28:00",3771,12.71,-9.2,83.2,5.434,6.731,36.47
"2026-03-05 04:29:00",3772,12.71,-9.2,83.6,8.16,9.9,56.04
"2026-03-05 04:30:00",3773,12.71,-9.16,83.3,6.367,8.16,53.16
"2026-03-05 04:31:00",3774,12.71,-9.06,82.7,5.684,8.1,38.28
"2026-03-05 04:32:00",3775,12.71,-9.08,82.7,6.831,8.33,73.35
"2026-03-05 04:33:00",3776,12.71,-9.06,82.6,7.025,8.9,48.79
"2026-03-05 04:34:00",3777,12.71,-9,82,7.739,9.36,47.39
"2026-03-05 04:35:00",3778,12.71,-9.01,82.1,7.669,8.9,33.91
"2026-03-05 04:36:00",3779,12.71,-9.02,82.1,8.55,9.93,50.53
"2026-03-05 04:37:00",3780,12.71,-9.03,82.2,6.658,8.33,79.71
"2026-03-05 04:38:00",3781,12.71,-9,81.8,6.467,8.76,44.51
"2026-03-05 04:39:00",3782,12.71,-8.99,81.6,7.816,11.53,53.4
"2026-03-05 04:40:00",3783,12.71,-8.95,80.7,8.79,12.33,51.37
"2026-03-05 04:41:00",3784,12.71,-8.87,78.07,6.817,12.1,41.57
"2026-03-05 04:42:00",3785,12.71,-8.82,78.14,6.872,9.26,41.47
"2026-03-05 04:43:00",3786,12.71,-8.85,78.72,6.814,8.73,62.61
"2026-03-05 04:44:00",3787,12.71,-8.87,79.23,5.931,6.531,3.406
"2026-03-05 04:45:00",3788,12.71,-8.97,80.7,6.622,7.464,45.41
"2026-03-05 04:46:00",3789,12.71,-9.05,81,8.01,11.53,40.7
"2026-03-05 04:47:00",3790,12.71,-9.06,79.91,4.845,7.83,16.04
"2026-03-05 04:48:00",3791,12.71,-9.06,80.9,5.72,6.297,49.88
"2026-03-05 04:49:00",3792,12.71,-9.15,81.5,5.739,7.33,21.3
"2026-03-05 04:50:00",3793,12.71,-9.17,81.9,8.39,10.53,54.22
"2026-03-05 04:51:00",3794,12.71,-9.14,81.3,9.79,12.03,57.17
"2026-03-05 04:52:00",3795,12.71,-9.09,81,8.68,11.76,57.53
"2026-03-05 04:53:00",3796,12.71,-9.08,81.1,7.13,8.36,49.01
"2026-03-05 04:54:00",3797,12.71,-9.05,81.2,8.03,9.33,60.05
"2026-03-05 04:55:00",3798,12.71,-9.04,81.5,10.15,12.4,65.84
"2026-03-05 04:56:00",3799,12.71,-8.97,80.2,12.59,16.69,52.7
"2026-03-05 04:57:00",3800,12.71,-8.87,78.89,11.1,13.63,63.67
"2026-03-05 04:58:00",3801,12.71,-8.84,77.94,12.06,15.49,86.3
"2026-03-05 04:59:00",3802,12.71,-8.81,77.36,11.64,18.73,72.44
"2026-03-05 05:00:00",3803,12.71,-8.75,76.71,8.12,15.26,80.3
"2026-03-05 05:01:00",3804,12.71,-8.74,77.43,7.886,11.86,49.97
"2026-03-05 05:02:00",3805,12.71,-8.74,78.41,12.73,16.96,70
"2026-03-05 05:03:00",3806,12.71,-8.78,77.43,11.18,15.93,63.14
"2026-03-05 05:04:00",3807,12.71,-8.75,77.8,8.89,12.43,44.03
"2026-03-05 05:05:00",3808,12.71,-8.77,78.65,7.305,10.7,48.57
"2026-03-05 05:06:00",3809,12.71,-8.85,80.1,8.67,10.1,52.99
"2026-03-05 05:07:00",3810,12.71,-8.87,80.6,8.62,16.39,28.38
"2026-03-05 05:08:00",3811,12.71,-8.86,80.3,10.12,12.16,24.66
"2026-03-05 05:09:00",3812,12.71,-8.85,79.77,9.29,12.73,52.15
"2026-03-05 05:10:00",3813,12.71,-8.84,79.09,13.37,17.76,48.91
"2026-03-05 05:11:00",3814,12.71,-8.78,78.35,12.89,15.49,44.35
"2026-03-05 05:12:00",3815,12.71,-8.8,79.19,11.22,12.83,44.68
"2026-03-05 05:13:00",3816,12.71,-8.79,78.99,10.62,23.42,17.34
"2026-03-05 05:14:00",3817,12.71,-8.8,79.09,12.71,18.89,49.15
"2026-03-05 05:15:00",3818,12.71,-8.8,79.26,12.43,15.13,45.75
"2026-03-05 05:16:00",3819,12.71,-8.79,78.51,13.62,20.79,52.44
"2026-03-05 05:17:00",3820,12.71,-8.77,78.75,9.29,12.53,46.64
"2026-03-05 05:18:00",3821,12.71,-8.79,79.47,14.82,17.89,40.19
"2026-03-05 05:19:00",3822,12.71,-8.78,78.62,14.13,18.93,47.32
"2026-03-05 05:20:00",3823,12.71,-8.78,78.38,16.3,22.09,44.85
"2026-03-05 05:21:00",3824,12.71,-8.76,77.15,11.44,13.66,35.53
"2026-03-05 05:22:00",3825,12.71,-8.73,77.87,15.67,21.99,45.6
"2026-03-05 05:23:00",3826,12.71,-8.72,78.52,14.91,21.22,34.52
"2026-03-05 05:24:00",3827,12.71,-8.74,78.55,14.41,21.62,73.31
"2026-03-05 05:25:00",3828,12.71,-8.79,79.37,10.06,13.19,28.43
"2026-03-05 05:26:00",3829,12.71,-8.81,79.43,11.7,14.83,32.8
"2026-03-05 05:27:00",3830,12.71,-8.87,79.3,13.37,16.99,38.11
"2026-03-05 05:28:00",3831,12.71,-8.83,77.36,6.098,13.33,28.16
"2026-03-05 05:29:00",3832,12.71,-8.82,79.4,9.99,12.86,26.3
"2026-03-05 05:30:00",3833,12.71,-8.92,80.9,13.21,18.89,57.63
"2026-03-05 05:31:00",3834,12.71,-8.94,79.78,15.91,24.06,49.47
"2026-03-05 05:32:00",3835,12.71,-8.89,78.89,12.01,21.49,33.62
"2026-03-05 05:33:00",3836,12.71,-8.84,78.79,10.93,15.99,25.84
"2026-03-05 05:34:00",3837,12.71,-8.85,78.96,12.81,17.36,60.31
"2026-03-05 05:35:00",3838,12.71,-8.85,78.55,14.16,20.13,14.3
"2026-03-05 05:36:00",3839,12.71,-8.81,78.86,13.18,17.49,54.42
"2026-03-05 05:37:00",3840,12.71,-8.81,78.45,12.36,19.66,39.03
"2026-03-05 05:38:00",3841,12.71,-8.79,79.06,6.658,10.33,21.45
"2026-03-05 05:39:00",3842,12.71,-8.86,79.09,11.6,16.23,52.27
"2026-03-05 05:40:00",3843,12.71,-8.85,78.31,11.45,15.16,47.82
"2026-03-05 05:41:00",3844,12.71,-8.82,76.71,7.764,11.83,349.7
"2026-03-05 05:42:00",3845,12.71,-8.79,77.05,4.895,8.43,37.24
"2026-03-05 05:43:00",3846,12.71,-8.86,79.16,11.25,16.33,27.49
"2026-03-05 05:44:00",3847,12.71,-8.93,79.81,16.34,22.06,43.11
"2026-03-05 05:45:00",3848,12.71,-8.88,78.38,8.16,13.19,17.44
"2026-03-05 05:46:00",3849,12.71,-8.84,78.72,5.787,18.59,23.74
"2026-03-05 05:47:00",3850,12.71,-8.82,76.98,8.55,19.09,29.01
"2026-03-05 05:48:00",3851,12.71,-8.79,76.24,11.07,15.16,43.6
"2026-03-05 05:49:00",3852,12.71,-8.78,76.31,12.1,15.99,33.43
"2026-03-05 05:50:00",3853,12.71,-8.8,76.78,12.84,17.19,33.36
"2026-03-05 05:51:00",3854,12.71,-8.78,76.34,15.49,19.36,59.1
"2026-03-05 05:52:00",3855,12.71,-8.77,75.45,9.45,14.99,17.61
"2026-03-05 05:53:00",3856,12.71,-8.73,75.76,9.76,11.6,30
"2026-03-05 05:54:00",3857,12.71,-8.73,75.69,12.93,17.86,53.31
"2026-03-05 05:55:00",3858,12.71,-8.74,75.66,15.12,19.13,42.22
"2026-03-05 05:56:00",3859,12.71,-8.72,75.32,11.75,16.49,47.27
"2026-03-05 05:57:00",3860,12.71,-8.7,75.73,7.544,10.46,30.24
"2026-03-05 05:58:00",3861,12.71,-8.76,76.85,10.58,17.63,32.44
"2026-03-05 05:59:00",3862,12.71,-8.79,76.99,13.09,14.56,48.23
"2026-03-05 06:00:00",3863,12.71,-8.8,76.71,8.66,15.16,57.61
"2026-03-05 06:01:00",3864,12.71,-8.79,76.2,7.655,11.1,36.23
"2026-03-05 06:02:00",3865,12.71,-8.76,77.19,10.17,15.33,51.81
"2026-03-05 06:03:00",3866,12.71,-8.78,76.85,16.81,21.79,69.06
"2026-03-05 06:04:00",3867,12.71,-8.75,76.1,13.48,20.79,45.48
"2026-03-05 06:05:00",3868,12.71,-8.73,76.27,14.51,19.79,66.33
"2026-03-05 06:06:00",3869,12.71,-8.69,76.03,10.12,19.16,64.44
"2026-03-05 06:07:00",3870,12.71,-8.72,78.04,12.3,17.93,56.71
"2026-03-05 06:08:00",3871,12.71,-8.81,77.8,10.9,17.53,48.02
"2026-03-05 06:09:00",3872,12.71,-8.77,78.21,13.15,17.69,69.13
"2026-03-05 06:10:00",3873,12.71,-8.76,78.79,13.06,15.89,52.22
"2026-03-05 06:11:00",3874,12.71,-8.77,79.13,15.89,22.49,87.6
"2026-03-05 06:12:00",3875,12.71,-8.78,78.55,13.84,17.59,62.32
"2026-03-05 06:13:00",3876,12.71,-8.74,78.48,14.68,20.26,69.97
"2026-03-05 06:14:00",3877,12.71,-8.8,79.06,13.42,15.53,58.23
"2026-03-05 06:15:00",3878,12.71,-8.8,78.51,13.99,15.73,56.42
"2026-03-05 06:16:00",3879,12.71,-8.8,79.26,14.38,16.09,55.77
"2026-03-05 06:17:00",3880,12.71,-8.81,79.47,12.59,14.89,71.37
"2026-03-05 06:18:00",3881,12.71,-8.79,79.47,11.58,15.39,86
"2026-03-05 06:19:00",3882,12.71,-8.74,78.58,9.54,12.59,53.16
"2026-03-05 06:20:00",3883,12.71,-8.7,79.06,8.77,12.66,89.9
"2026-03-05 06:21:00",3884,12.71,-8.71,79.4,11.08,15.49,72.94
"2026-03-05 06:22:00",3885,12.71,-8.7,79.74,14.47,16.29,69.51
"2026-03-05 06:23:00",3886,12.71,-8.73,79.91,11.43,14.99,76.4
"2026-03-05 06:24:00",3887,12.71,-8.72,80.1,12.91,14.99,60.6
"2026-03-05 06:25:00",3888,12.71,-8.75,80.4,11.31,13.53,60
"2026-03-05 06:26:00",3889,12.71,-8.77,81.3,15.06,18.59,72.48
"2026-03-05 06:27:00",3890,12.71,-8.8,81.3,13.51,14.96,74.73
"2026-03-05 06:28:00",3891,12.71,-8.81,81.4,10.35,13.03,65.94
"2026-03-05 06:29:00",3892,12.71,-8.85,81.8,10.35,13.73,75.84
"2026-03-05 06:30:00",3893,12.71,-8.9,82.2,11.15,13.06,56.66
"2026-03-05 06:31:00",3894,12.71,-8.94,83.1,11.03,13.93,59.37
"2026-03-05 06:32:00",3895,12.71,-8.97,83.4,12.57,13.19,50.53
"2026-03-05 06:33:00",3896,12.71,-8.95,83.4,11.31,12.26,62.51
"2026-03-05 06:34:00",3897,12.71,-8.92,83.3,9.54,12.3,64.9
"2026-03-05 06:35:00",3898,12.71,-8.92,83.2,11.69,14.66,52.12
"2026-03-05 06:36:00",3899,12.71,-8.88,82.9,10.3,11.36,56.01
"2026-03-05 06:37:00",3900,12.71,-8.87,83.1,10.38,14.73,65.24
"2026-03-05 06:38:00",3901,12.71,-8.86,83.1,10.98,13.63,55.96
"2026-03-05 06:39:00",3902,12.71,-8.82,82.7,10.67,12.66,58.69
"2026-03-05 06:40:00",3903,12.71,-8.81,82.1,8.35,9.43,51.25
"2026-03-05 06:41:00",3904,12.71,-8.77,82,8.95,12.59,55.19
"2026-03-05 06:42:00",3905,12.71,-8.77,82.5,11.31,14.46,60.91
"2026-03-05 06:43:00",3906,12.71,-8.81,82.8,11.81,13.96,65.89
"2026-03-05 06:44:00",3907,12.71,-8.79,82.9,10.63,14.86,44.61
"2026-03-05 06:45:00",3908,12.71,-8.81,82.9,10.23,11.46,67.97
"2026-03-05 06:46:00",3909,12.71,-8.8,82.7,11.53,12.66,56.59
"2026-03-05 06:47:00",3910,12.71,-8.77,82.4,11.74,13.46,67.03
"2026-03-05 06:48:00",3911,12.71,-8.73,80.7,8.08,12.06,56.95
"2026-03-05 06:49:00",3912,12.71,-8.69,81.5,8.84,11.7,62.41
"2026-03-05 06:50:00",3913,12.71,-8.74,81.2,11.8,17.13,62.85
"2026-03-05 06:51:00",3914,12.71,-8.69,80.8,10.42,14.36,57.05
"2026-03-05 06:52:00",3915,12.71,-8.72,81.2,9.64,12.3,40.43
"2026-03-05 06:53:00",3916,12.71,-8.75,81.8,12.63,13.93,52.9
"2026-03-05 06:54:00",3917,12.71,-8.74,80.5,12.93,18.63,72.82
"2026-03-05 06:55:00",3918,12.71,-8.65,79.43,8.78,12.56,66.44
"2026-03-05 06:56:00",3919,12.71,-8.62,78.89,11.55,12.69,54.85
"2026-03-05 06:57:00",3920,12.71,-8.61,78.65,10.46,13.16,56.16
"2026-03-05 06:58:00",3921,12.71,-8.64,79.6,11.5,13.63,57.22
"2026-03-05 06:59:00",3922,12.71,-8.66,79.6,10.27,12.06,53.45
"2026-03-05 07:00:00",3923,12.71,-8.71,79.84,10.03,12.43,48.5
"2026-03-05 07:01:00",3924,12.71,-8.72,79.64,11.22,12.56,45
"2026-03-05 07:02:00",3925,12.71,-8.69,79.3,11.28,13.03,44.32
"2026-03-05 07:03:00",3926,12.71,-8.71,79.47,11.61,14.56,64.03
"2026-03-05 07:04:00",3927,12.71,-8.71,79.33,12.38,18.06,78.38
"2026-03-05 07:05:00",3928,12.71,-8.7,79.06,8.69,11.63,53.16
"2026-03-05 07:06:00",3929,12.71,-8.69,78.45,12.08,16.53,60.72
"2026-03-05 07:07:00",3930,12.71,-8.65,78.31,10.48,13.66,45.96
"2026-03-05 07:08:00",3931,12.71,-8.62,77.94,10.36,12.16,39.66
"2026-03-05 07:09:00",3932,12.71,-8.6,77.66,10.82,15.63,75.89
"2026-03-05 07:10:00",3933,12.71,-8.63,78.45,9.3,10.9,50.29
"2026-03-05 07:11:00",3934,12.71,-8.7,78.24,11.31,16.96,74.51
"2026-03-05 07:12:00",3935,12.71,-8.63,77.36,11.61,15.89,56.35
"2026-03-05 07:13:00",3936,12.71,-8.6,78.07,10.04,11.8,44.27
"2026-03-05 07:14:00",3937,12.71,-8.66,78.55,11.39,13.29,53.77
"2026-03-05 07:15:00",3938,12.71,-8.69,79.06,11.23,13.09,49.76
"2026-03-05 07:16:00",3939,12.71,-8.75,79.23,8.75,9.96,32.7
"2026-03-05 07:17:00",3940,12.71,-8.84,79.98,10.57,12.56,51.52
"2026-03-05 07:18:00",3941,12.71,-8.77,79.64,10.25,12.93,57.97
"2026-03-05 07:19:00",3942,12.71,-8.76,79.67,9.89,12.1,40.36
"2026-03-05 07:20:00",3943,12.71,-8.76,79.64,13.11,15.83,71.23
"2026-03-05 07:21:00",3944,12.71,-8.67,77.67,14.44,22.59,70.82
"2026-03-05 07:22:00",3945,12.71,-8.59,77.12,9.93,13.09,42.92
"2026-03-05 07:23:00",3946,12.71,-8.62,77.97,8.4,11.3,62.03
"2026-03-05 07:24:00",3947,12.71,-8.7,78.79,10.11,12.76,31.52
"2026-03-05 07:25:00",3948,12.71,-8.69,78.28,12.68,14.99,50.48
"2026-03-05 07:26:00",3949,12.71,-8.71,77.7,9.87,13.79,46.76
"2026-03-05 07:27:00",3950,12.71,-8.68,77.9,12.65,15.89,23.07
"2026-03-05 07:28:00",3951,12.71,-8.68,77.9,11.59,13.19,36.71
"2026-03-05 07:29:00",3952,12.71,-8.7,77.63,11.62,15.63,30.38
"2026-03-05 07:30:00",3953,12.71,-8.72,78.41,8.62,9.8,56.64
"2026-03-05 07:31:00",3954,12.71,-8.73,77.8,10.95,12.79,55.6
"2026-03-05 07:32:00",3955,12.71,-8.68,77.9,11.12,13.99,32.95
"2026-03-05 07:33:00",3956,12.71,-8.61,77.46,15.08,21.06,77.68
"2026-03-05 07:34:00",3957,12.71,-8.57,77.22,10.64,15.53,44.44
"2026-03-05 07:35:00",3958,12.71,-8.59,77.66,11.36,13.29,45.04
"2026-03-05 07:36:00",3959,12.71,-8.64,78.41,12.76,16.73,57.22
"2026-03-05 07:37:00",3960,12.71,-8.66,78.34,13.98,19.83,49.42
"2026-03-05 07:38:00",3961,12.71,-8.65,77.73,14.89,23.12,48.93
"2026-03-05 07:39:00",3962,12.71,-8.65,78,13.4,14.69,46.69
"2026-03-05 07:40:00",3963,12.71,-8.69,78.14,13.09,15.29,34.8
"2026-03-05 07:41:00",3964,12.71,-8.73,78,12.51,16.63,43.18
"2026-03-05 07:42:00",3965,12.71,-8.69,78.07,14.45,17.06,40.96
"2026-03-05 07:43:00",3966,12.71,-8.67,77.6,12.22,13.26,48.23
"2026-03-05 07:44:00",3967,12.71,-8.65,77.12,13.41,16.76,34.92
"2026-03-05 07:45:00",3968,12.71,-8.63,76.91,15.28,25.92,70.07
"2026-03-05 07:46:00",3969,12.71,-8.56,76.34,8.65,14.63,19.66
"2026-03-05 07:47:00",3970,12.71,-8.62,77.29,13.76,17.96,32.36
"2026-03-05 07:48:00",3971,12.71,-8.61,77.46,15.72,20.79,50.77
"2026-03-05 07:49:00",3972,12.71,-8.56,76.27,14.77,22.09,29.78
"2026-03-05 07:50:00",3973,12.71,-8.5,76.3,9.37,12.76,51.11
"2026-03-05 07:51:00",3974,12.71,-8.57,76.44,11.53,14.69,55
"2026-03-05 07:52:00",3975,12.71,-8.55,76.1,15.3,20.09,56.83
"2026-03-05 07:53:00",3976,12.71,-8.48,75.76,13.14,16.46,70.12
"2026-03-05 07:54:00",3977,12.71,-8.46,76.34,14.22,18.66,51.01
"2026-03-05 07:55:00",3978,12.71,-8.47,75.39,15.65,19.49,69.1
"2026-03-05 07:56:00",3979,12.71,-8.46,75.49,12.91,15.33,65.65
"2026-03-05 07:57:00",3980,12.71,-8.45,75.62,10.71,14.69,60.19
"2026-03-05 07:58:00",3981,12.71,-8.47,76.58,15.56,19.46,65.72
"2026-03-05 07:59:00",3982,12.71,-8.47,75.52,11.54,15.09,60.55
"2026-03-05 08:00:00",3983,12.71,-8.46,75.73,13.34,15.73,63.74
"2026-03-05 08:01:00",3984,12.71,-8.47,75.35,14.45,16.76,62.15
"2026-03-05 08:02:00",3985,12.71,-8.48,75.93,15.57,18.56,68.88
"2026-03-05 08:03:00",3986,12.71,-8.51,76.44,14.04,16.79,69.2
"2026-03-05 08:04:00",3987,12.71,-8.55,77.25,15.3,17.56,69.82
"2026-03-05 08:05:00",3988,12.71,-8.54,76.27,13.49,17.49,52.7
"2026-03-05 08:06:00",3989,12.71,-8.53,76.64,11.64,13.39,58.79
"2026-03-05 08:07:00",3990,12.71,-8.56,77.26,14.52,16.69,63.09
"2026-03-05 08:08:00",3991,12.71,-8.56,77.6,13.84,18.16,68.14
"2026-03-05 08:09:00",3992,12.71,-8.51,76.44,8.96,16.16,63.89
"2026-03-05 08:10:00",3993,12.71,-8.5,76.98,14.24,20.29,56.42
"2026-03-05 08:11:00",3994,12.71,-8.51,77.15,15.27,17.16,67.1
"2026-03-05 08:12:00",3995,12.71,-8.49,76.51,12.94,21.76,57.1
"2026-03-05 08:13:00",3996,12.71,-8.49,76.81,9.97,14.83,59.68
"2026-03-05 08:14:00",3997,12.71,-8.5,77.29,10.2,14.49,53.47
"2026-03-05 08:15:00",3998,12.71,-8.54,78.48,14.13,16.76,63.01
"2026-03-05 08:16:00",3999,12.71,-8.57,78.55,12.83,14.03,49.3
"2026-03-05 08:17:00",4000,12.71,-8.6,78.58,13.46,16.09,57.1
"2026-03-05 08:18:00",4001,12.71,-8.61,78.78,15.18,18.59,57.17
"2026-03-05 08:19:00",4002,12.71,-8.58,78,13.33,17.69,64.75
"2026-03-05 08:20:00",4003,12.71,-8.56,77.46,10.27,13.29,52.44
"2026-03-05 08:21:00",4004,12.71,-8.53,77.94,12.78,13.86,50.65
"2026-03-05 08:22:00",4005,12.71,-8.54,77.49,13.24,17.23,63.83
"2026-03-05 08:23:00",4006,12.71,-8.51,77.59,11.07,14.26,47.75
"2026-03-05 08:24:00",4007,12.71,-8.53,77.52,11.27,13.73,61.71
"2026-03-05 08:25:00",4008,12.71,-8.53,77.46,10.23,12,54.92
"2026-03-05 08:26:00",4009,12.71,-8.52,77.49,11.24,13.53,75.31
"2026-03-05 08:27:00",4010,12.71,-8.51,77.02,12.59,22.29,63.06
"2026-03-05 08:28:00",4011,12.71,-8.51,77.25,13.71,16.96,58.47
"2026-03-05 08:29:00",4012,12.71,-8.48,77.9,12.13,16.13,60.72
"2026-03-05 08:30:00",4013,12.71,-8.51,78.17,13.03,16.76,60.26
"2026-03-05 08:31:00",4014,12.71,-8.5,78.37,11.48,14.43,59.32
"2026-03-05 08:32:00",4015,12.71,-8.51,78.44,11.94,13.56,59.61
"2026-03-05 08:33:00",4016,12.71,-8.53,78.88,12.57,15.03,67.26
"2026-03-05 08:34:00",4017,12.71,-8.55,79.36,12.55,14.39,60.62
"2026-03-05 08:35:00",4018,12.71,-8.55,79.56,11.1,15.39,63.64
"2026-03-05 08:36:00",4019,12.71,-8.54,79.94,12.25,14.09,63.98
"2026-03-05 08:37:00",4020,12.71,-8.58,79.53,9.59,10.43,49.58
"2026-03-05 08:38:00",4021,12.71,-8.57,80.5,13.05,14.63,70.14
"2026-03-05 08:39:00",4022,12.71,-8.62,81.2,11.74,13.13,73.52
"2026-03-05 08:40:00",4023,12.71,-8.64,81.7,10.65,11.83,53.16
"2026-03-05 08:41:00",4024,12.71,-8.61,81.8,13.02,14.46,54.54
"2026-03-05 08:42:00",4025,12.71,-8.64,81.8,12.66,14.19,60.41
"2026-03-05 08:43:00",4026,12.71,-8.62,81.3,10.83,14.46,48.59
"2026-03-05 08:44:00",4027,12.71,-8.6,81.6,12.5,15.79,76.76
"2026-03-05 08:45:00",4028,12.71,-8.61,81.8,12.54,15.59,48.38
"2026-03-05 08:46:00",4029,12.71,-8.64,82.3,11.99,13.06,52.24
"2026-03-05 08:47:00",4030,12.71,-8.65,82.8,12.12,15.89,58.04
"2026-03-05 08:48:00",4031,12.71,-8.69,83.2,12.59,21.19,66.22
"2026-03-05 08:49:00",4032,12.71,-8.64,81.9,11.86,16.13,53.37
"2026-03-05 08:50:00",4033,12.71,-8.6,82.3,12.67,15.19,50.48
"2026-03-05 08:51:00",4034,12.71,-8.63,82.8,12.63,15.83,63.76
"2026-03-05 08:52:00",4035,12.71,-8.69,83.4,12.97,14.46,60.6
"2026-03-05 08:53:00",4036,12.71,-8.71,83.6,12.7,13.93,56.95
"2026-03-05 08:54:00",4037,12.71,-8.74,83.9,13.49,17.13,59.15
"2026-03-05 08:55:00",4038,12.71,-8.75,83.7,13.21,15.76,68.83
"2026-03-05 08:56:00",4039,12.71,-8.66,83,11.84,14.73,63.98
"2026-03-05 08:57:00",4040,12.71,-8.66,83.2,10.23,13.29,59.19
"2026-03-05 08:58:00",4041,12.71,-8.69,83.9,12.78,14.93,41.71
"2026-03-05 08:59:00",4042,12.71,-8.8,84.5,12.22,14.06,52.51
"2026-03-05 09:00:00",4043,12.71,-8.78,84.6,14.73,18.09,49.36
"2026-03-05 09:01:00",4044,12.71,-8.74,83.7,14.11,18.73,69.48
"2026-03-05 09:02:00",4045,12.71,-8.67,82.6,11.03,16.53,76.53
"2026-03-05 09:03:00",4046,12.71,-8.6,81.3,14.48,19.66,75.5
"2026-03-05 09:04:00",4047,12.71,-8.55,80.7,12.01,15.03,75.4
"2026-03-05 09:05:00",4048,12.71,-8.52,81.2,10.48,13.59,51.35
"2026-03-05 09:06:00",4049,12.71,-8.56,81.6,13.12,15.73,40.98
"2026-03-05 09:07:00",4050,12.71,-8.61,82.2,12.6,17.93,68.9
"2026-03-05 09:08:00",4051,12.71,-8.64,83,13.54,15.09,56.18
"2026-03-05 09:09:00",4052,12.71,-8.73,83.8,12.34,14.59,66.83
"2026-03-05 09:10:00",4053,12.71,-8.76,83.7,9.83,13.56,48.62
"2026-03-05 09:11:00",4054,12.71,-8.74,83.3,11.13,14.93,63.52
"2026-03-05 09:12:00",4055,12.71,-8.72,83.1,9.04,10.2,43.88
"2026-03-05 09:13:00",4056,12.71,-8.77,83.7,16.05,20.83,85.3
"2026-03-05 09:14:00",4057,12.71,-8.71,83.1,10.15,13.29,53.47
"2026-03-05 09:15:00",4058,12.71,-8.72,83.3,12.42,13.86,57.87
"2026-03-05 09:16:00",4059,12.71,-8.72,83.7,12.18,15.13,64.58
"2026-03-05 09:17:00",4060,12.71,-8.77,84,11.26,14.43,50.24
"2026-03-05 09:18:00",4061,12.71,-8.81,84.3,11.82,12.79,55.64
"2026-03-05 09:19:00",4062,12.71,-8.82,84.5,9.72,12.56,40.94
"2026-03-05 09:20:00",4063,12.71,-8.84,84.6,10.96,13.93,50.52
"2026-03-05 09:21:00",4064,12.71,-8.82,84.2,11.77,16.09,42.1
"2026-03-05 09:22:00",4065,12.71,-8.8,84.3,12.14,14.96,52.41
"2026-03-05 09:23:00",4066,12.71,-8.8,84,9.77,13.19,53.78
"2026-03-05 09:24:00",4067,12.71,-8.78,83.7,9.68,12.03,58.18
"2026-03-05 09:25:00",4068,12.71,-8.74,83.4,12.06,14.29,57.55
"2026-03-05 09:26:00",4069,12.71,-8.77,83.8,14.18,16.03,55.21
"2026-03-05 09:27:00",4070,12.71,-8.72,82.8,16.11,18.59,77.33
"2026-03-05 09:28:00",4071,12.71,-8.6,80.8,9.7,17.03,67.28
"2026-03-05 09:29:00",4072,12.71,-8.57,80.9,12.91,16.99,59.41
"2026-03-05 09:30:00",4073,12.71,-8.62,80.3,9.22,12.79,42.7
"2026-03-05 09:31:00",4074,12.71,-8.58,81.2,12.53,14.89,58.23
"2026-03-05 09:32:00",4075,12.71,-8.63,81.8,11.37,14.43,49.07
"2026-03-05 09:33:00",4076,12.71,-8.69,82.4,10.97,12.36,43.04
"2026-03-05 09:34:00",4077,12.71,-8.76,82.8,9.52,11.9,32.36
"2026-03-05 09:35:00",4078,12.71,-8.84,83.5,11.65,13.43,39.87
"2026-03-05 09:36:00",4079,12.71,-8.87,83.9,11.2,12.99,53.57
"2026-03-05 09:37:00",4080,12.71,-8.92,84.5,9.48,10.76,50.02
"2026-03-05 09:38:00",4081,12.71,-8.98,84.7,8.68,9.7,44.7
"2026-03-05 09:39:00",4082,12.71,-9.06,85.2,9.58,10.73,63.18
"2026-03-05 09:40:00",4083,12.71,-9.11,85.6,8.88,9.73,36.2
"2026-03-05 09:41:00",4084,12.71,-9.11,85.8,9.16,10.13,43.28
"2026-03-05 09:42:00",4085,12.71,-9.11,86.1,9.45,12.96,48.23
"2026-03-05 09:43:00",4086,12.71,-9.08,85.8,12.38,14.63,61.63
"2026-03-05 09:44:00",4087,12.71,-8.91,84.3,12.27,15.03,75.71
"2026-03-05 09:45:00",4088,12.71,-8.81,83.3,11.38,14.56,56.32
"2026-03-05 09:46:00",4089,12.71,-8.81,83.1,13.11,14.19,63.13
"2026-03-05 09:47:00",4090,12.71,-8.81,83.1,10.73,13.06,29.15
"2026-03-05 09:48:00",4091,12.71,-8.9,83.6,9.67,10.9,61.08
"2026-03-05 09:49:00",4092,12.71,-8.89,82.9,9.3,10.2,47.38
"2026-03-05 09:50:00",4093,12.71,-8.92,83,8.54,10.33,64.65
"2026-03-05 09:51:00",4094,12.71,-8.95,82.6,8.12,9.3,47.24
"2026-03-05 09:52:00",4095,12.71,-9.01,82.9,9.32,10,59.48
"2026-03-05 09:53:00",4096,12.71,-8.98,82.6,7.758,9.43,44.07
"2026-03-05 09:54:00",4097,12.71,-9,82.4,10.41,12.06,53.2
"2026-03-05 09:55:00",4098,12.71,-9.01,82.5,9.07,10.33,71.68
"2026-03-05 09:56:00",4099,12.71,-9.05,82.5,9,11.83,51.93
"2026-03-05 09:57:00",4100,12.71,-8.98,82,11.1,15.16,66.66
"2026-03-05 09:58:00",4101,12.71,-8.77,80.1,11.27,17.79,83.6
"2026-03-05 09:59:00",4102,12.71,-8.64,79.7,11.83,14.66,60.94
"2026-03-05 10:00:00",4103,12.71,-8.56,79.05,11.36,14.46,43.45
"2026-03-05 10:01:00",4104,12.71,-8.54,78.75,10.84,14.39,41.11
"2026-03-05 10:02:00",4105,12.71,-8.47,78.61,8.59,9.93,47.67
"2026-03-05 10:03:00",4106,12.71,-8.49,79.46,12.4,14.19,60.21
"2026-03-05 10:04:00",4107,12.71,-8.52,79.7,9.53,13.49,54.63
"2026-03-05 10:05:00",4108,12.71,-8.52,80.1,12.73,15.93,57.87
"2026-03-05 10:06:00",4109,12.71,-8.51,79.83,10.15,14.39,61.97
"2026-03-05 10:07:00",4110,12.71,-8.5,80,8.34,11.86,52
"2026-03-05 10:08:00",4111,12.71,-8.54,80.1,9.91,14.76,44.24
"2026-03-05 10:09:00",4112,12.71,-8.58,81,11.57,15.13,57.26
"2026-03-05 10:10:00",4113,12.71,-8.57,81.3,10.31,14.39,46.76
"2026-03-05 10:11:00",4114,12.71,-8.62,81.8,8.85,13.03,72.89
"2026-03-05 10:12:00",4115,12.71,-8.6,82.2,12.79,15.76,67.79
"2026-03-05 10:13:00",4116,12.71,-8.54,81.3,10.57,18.39,68.78
"2026-03-05 10:14:00",4117,12.71,-8.52,81.7,9.69,11.03,56.71
"2026-03-05 10:15:00",4118,12.71,-8.56,82.5,11,12.89,80.3
"2026-03-05 10:16:00",4119,12.71,-8.53,82.6,9.7,12.06,54.72
"2026-03-05 10:17:00",4120,12.71,-8.59,83.1,10.4,11.66,41.92
"2026-03-05 10:18:00",4121,12.71,-8.62,83.3,13.22,15.59,58.3
"2026-03-05 10:19:00",4122,12.71,-8.6,83.6,11.17,14.63,51.85
"2026-03-05 10:20:00",4123,12.71,-8.56,83.8,16.61,19.53,67.04
"2026-03-05 10:21:00",4124,12.71,-8.53,83.6,9.45,11.6,46.27
"2026-03-05 10:22:00",4125,12.71,-8.53,83.9,12.88,18.69,54.14
"2026-03-05 10:23:00",4126,12.71,-8.53,84.3,13.06,17.69,57.36
"2026-03-05 10:24:00",4127,12.71,-8.57,84.7,14.12,17.26,73.63
"2026-03-05 10:25:00",4128,12.71,-8.57,85,13.92,16.33,54.72
"2026-03-05 10:26:00",4129,12.71,-8.61,85.4,14.13,16.03,58.18
"2026-03-05 10:27:00",4130,12.71,-8.62,86,14.46,15.99,72.33
"2026-03-05 10:28:00",4131,12.71,-8.62,86.2,12.46,14.46,60.52
"2026-03-05 10:29:00",4132,12.71,-8.62,86.2,16.37,19.43,61.85
"2026-03-05 10:30:00",4133,12.71,-8.6,86,15.5,20.06,60.01
"2026-03-05 10:31:00",4134,12.71,-8.59,85.5,12.89,16.46,60.81
"2026-03-05 10:32:00",4135,12.71,-8.59,85.7,15.79,19.93,57.79
"2026-03-05 10:33:00",4136,12.71,-8.62,85.9,14.64,19.39,52.07
"2026-03-05 10:34:00",4137,12.71,-8.6,86.1,14.57,16.53,61.77
"2026-03-05 10:35:00",4138,12.71,-8.66,86.2,11.96,14.39,58.1
"2026-03-05 10:36:00",4139,12.71,-8.68,86.5,13.69,17.73,69.91
"2026-03-05 10:37:00",4140,12.71,-8.64,86.1,15.03,16.69,62.33
"2026-03-05 10:38:00",4141,12.71,-8.64,86.1,14.77,16.73,66.92
"2026-03-05 10:39:00",4142,12.71,-8.66,86.4,14.44,17.86,62.98
"2026-03-05 10:40:00",4143,12.71,-8.66,86.4,14.12,15.53,57.09
"2026-03-05 10:41:00",4144,12.71,-8.66,86.2,11.77,17.96,48.4
"2026-03-05 10:42:00",4145,12.71,-8.68,86.4,13.41,16.09,52.74
"2026-03-05 10:43:00",4146,12.71,-8.67,86.2,17.54,20.19,71.68
"2026-03-05 10:44:00",4147,12.71,-8.62,85.7,13.83,17.69,68.15
"2026-03-05 10:45:00",4148,12.71,-8.65,85.9,15.68,17.49,62.21
"2026-03-05 10:46:00",4149,12.71,-8.68,86.2,16.53,19.26,63.3
"2026-03-05 10:47:00",4150,12.71,-8.72,86.4,15.87,18.33,74.74
"2026-03-05 10:48:00",4151,12.71,-8.73,86.5,15.24,17.99,52.04
"2026-03-05 10:49:00",4152,12.71,-8.74,86.2,18.49,21.22,56.46
"2026-03-05 10:50:00",4153,12.71,-8.71,86.1,16.85,20.33,64.99
"2026-03-05 10:51:00",4154,12.71,-8.67,85.6,15.9,17.73,59
"2026-03-05 10:52:00",4155,12.71,-8.67,85.7,15.64,18.86,62.67
"2026-03-05 10:53:00",4156,12.71,-8.7,85.9,12.22,14.66,49.22
"2026-03-05 10:54:00",4157,12.71,-8.75,86.1,15.34,18.53,57.45
"2026-03-05 10:55:00",4158,12.71,-8.69,85.6,16.79,21.06,64.02
"2026-03-05 10:56:00",4159,12.71,-8.7,85.7,16.69,21.69,65.66
"2026-03-05 10:57:00",4160,12.71,-8.69,85.5,15.02,17.86,56.73
"2026-03-05 10:58:00",4161,12.71,-8.66,85.2,14.1,17.49,67.62
"2026-03-05 10:59:00",4162,12.71,-8.66,84.9,15.25,22.09,76.89
"2026-03-05 11:00:00",4163,12.71,-8.64,84.6,13.86,18.83,60.52
"2026-03-05 11:01:00",4164,12.71,-8.65,84.6,17.34,22.02,81.9
"2026-03-05 11:02:00",4165,12.71,-8.63,84.4,12.05,14.93,57.33
"2026-03-05 11:03:00",4166,12.71,-8.65,84.3,12.85,14.53,53.81
"2026-03-05 11:04:00",4167,12.71,-8.68,84.4,15.39,18.66,69.38
"2026-03-05 11:05:00",4168,12.71,-8.63,84.1,11.52,14.26,66.51
"2026-03-05 11:06:00",4169,12.71,-8.66,84.6,13.32,15.69,64.7
"2026-03-05 11:07:00",4170,12.71,-8.71,85.1,14.19,17.33,49.82
"2026-03-05 11:08:00",4171,12.71,-8.69,84.9,13.01,14.73,85.3
"2026-03-05 11:09:00",4172,12.71,-8.63,84.2,11.7,14.66,50.79
"2026-03-05 11:10:00",4173,12.71,-8.67,84.6,15.01,16.83,63.68
"2026-03-05 11:11:00",4174,12.71,-8.66,84.4,16.36,19.33,70.54
"2026-03-05 11:12:00",4175,12.71,-8.6,83.5,10.25,13.99,55.11
"2026-03-05 11:13:00",4176,12.71,-8.59,83.4,11.06,12.5,63.66
"2026-03-05 11:14:00",4177,12.71,-8.62,83.9,9.69,10.26,50.62
"2026-03-05 11:15:00",4178,12.71,-8.7,84.6,12.46,16.19,58.85
"2026-03-05 11:16:00",4179,12.71,-8.69,84.6,12.45,13.83,52.96
"2026-03-05 11:17:00",4180,12.71,-8.69,84.7,14.85,17.63,64.94
"2026-03-05 11:18:00",4181,12.71,-8.65,84.2,12.51,18.79,79.21
"2026-03-05 11:19:00",4182,12.71,-8.59,83.4,9.25,12.43,53.56
"2026-03-05 11:20:00",4183,12.71,-8.61,83.7,12,16.99,55.33
"2026-03-05 11:21:00",4184,12.71,-8.62,83.9,13.98,17.86,72.55
"2026-03-05 11:22:00",4185,12.71,-8.63,83.5,12.21,17.16,56.27
"2026-03-05 11:23:00",4186,12.71,-8.57,83.3,15.35,23.12,79.77
"2026-03-05 11:24:00",4187,12.71,-8.47,82.3,10.58,17.29,47.12
"2026-03-05 11:25:00",4188,12.71,-8.55,83.4,10.81,12.46,46.8
"2026-03-05 11:26:00",4189,12.71,-8.62,84.2,10.12,11.43,49.41
"2026-03-05 11:27:00",4190,12.71,-8.65,84.6,9.69,14.13,50.21
"2026-03-05 11:28:00",4191,12.71,-8.59,84,11.37,13.63,34.15
"2026-03-05 11:29:00",4192,12.71,-8.59,84,11.36,14.43,36.03
"2026-03-05 11:30:00",4193,12.71,-8.57,84.1,10.02,11.86,45.43
"2026-03-05 11:31:00",4194,12.71,-8.57,84.2,12.1,15.13,64.26
"2026-03-05 11:32:00",4195,12.71,-8.55,84,7.666,9.5,49.12
"2026-03-05 11:33:00",4196,12.71,-8.54,84.1,10.01,12.63,49.39
"2026-03-05 11:34:00",4197,12.71,-8.61,84.7,11.64,12.93,44.82
"2026-03-05 11:35:00",4198,12.71,-8.63,85.1,13.39,15.36,51.2
"2026-03-05 11:36:00",4199,12.71,-8.68,85.4,10.78,13.13,65.64
"2026-03-05 11:37:00",4200,12.71,-8.68,85.7,12.95,16.43,61.34
"2026-03-05 11:38:00",4201,12.71,-8.65,85.8,14.21,16.76,64.63
"2026-03-05 11:39:00",4202,12.71,-8.59,85.3,11.73,15.19,57.02
"2026-03-05 11:40:00",4203,12.71,-8.58,85.2,12.39,13.76,51.05
"2026-03-05 11:41:00",4204,12.71,-8.56,85.4,15.44,19.93,61.99
"2026-03-05 11:42:00",4205,12.71,-8.52,84.8,11.63,13.59,51
"2026-03-05 11:43:00",4206,12.71,-8.51,85.2,13.7,15.23,59.6
"2026-03-05 11:44:00",4207,12.71,-8.56,85.5,12.95,15.09,70.71
"2026-03-05 11:45:00",4208,12.71,-8.58,85.8,10.17,13.53,61.12
"2026-03-05 11:46:00",4209,12.71,-8.6,86,9.85,11.8,36.97
"2026-03-05 11:47:00",4210,12.71,-8.67,86.4,14.23,17.33,64.41
"2026-03-05 11:48:00",4211,12.71,-8.62,86.6,13.64,15.63,51.15
"2026-03-05 11:49:00",4212,12.71,-8.6,86.7,12.78,15.29,51.61
"2026-03-05 11:50:00",4213,12.71,-8.62,86.7,15.79,17.83,61.92
"2026-03-05 11:51:00",4214,12.71,-8.55,86.4,13.89,16.83,51.9
"2026-03-05 11:52:00",4215,12.71,-8.53,86.4,12.82,14.76,67.47
"2026-03-05 11:53:00",4216,12.71,-8.57,86.6,12.9,14.43,61.27
"2026-03-05 11:54:00",4217,12.71,-8.62,86.9,11.81,14.83,53.39
"2026-03-05 11:55:00",4218,12.71,-8.61,87.2,12.4,13.76,51.56
"2026-03-05 11:56:00",4219,12.71,-8.65,87.4,12.34,16.69,50.25
"2026-03-05 11:57:00",4220,12.71,-8.61,87.4,12.62,15.63,52.09
"2026-03-05 11:58:00",4221,12.71,-8.6,87.4,12.86,17.69,54
"2026-03-05 11:59:00",4222,12.71,-8.59,87.4,15.91,20.56,83.1
"2026-03-05 12:00:00",4223,12.71,-8.55,87.2,12.89,19.03,66.43
"2026-03-05 12:01:00",4224,12.71,-8.52,86.9,12.87,15.36,56.63
"2026-03-05 12:02:00",4225,12.71,-8.56,87,12.84,14.63,65.27
"2026-03-05 12:03:00",4226,12.71,-8.59,87.2,13.47,15.83,58.8
"2026-03-05 12:04:00",4227,12.71,-8.61,87.4,11.74,15.36,57.6
"2026-03-05 12:05:00",4228,12.71,-8.57,87.4,10.23,11.43,70.15
"2026-03-05 12:06:00",4229,12.71,-8.6,87.4,11.11,12.63,49.99
"2026-03-05 12:07:00",4230,12.71,-8.61,87.4,13.84,16.06,73.51
"2026-03-05 12:08:00",4231,12.71,-8.55,87.3,13.81,15.76,71.77
"2026-03-05 12:09:00",4232,12.71,-8.52,86.8,13.33,15.59,72.13
"2026-03-05 12:10:00",4233,12.71,-8.53,86.5,11.39,14.69,63.32
"2026-03-05 12:11:00",4234,12.71,-8.57,86.8,13.36,15.03,51.78
"2026-03-05 12:12:00",4235,12.66,-8.55,86,14.6,18.69,60.23
