"TOA5","CR850_Kayleigh","CR800","19785","CR800.Std.32.06","CPU:mini_AWS_Kayleigh.CR8","62587","Res_data_1_min"
"TIMESTAMP","RECORD","BattV","temperature","rel_humidity","wind_speed","gust_speed","wind_direction"
"TS","RN","Volts","degC","%","m/s","m/s","deg"
"","","Min","Avg","Smp","Avg","Max","Smp"
"2026-03-02 13:32:00",1,12.88,-5.625,84.8,13.73,18.39,73.99
"2026-03-02 13:33:00",2,12.86,-5.517,83.8,10.28,15.03,64.97
"2026-03-02 13:34:00",3,12.84,-5.491,83.4,13.32,15.23,50.51
"2026-03-02 13:35:00",4,12.92,-5.511,83.4,13.08,16.16,59.66
"2026-03-02 13:36:00",5,12.92,-5.508,83.2,13.28,16.66,61.2
"2026-03-02 13:37:00",6,12.92,-5.514,83.8,9.39,11.73,47.45
"2026-03-02 13:38:00",7,12.92,-5.553,83.9,10.67,15.96,27.22
"2026-03-02 13:39:00",8,12.91,-5.579,84.1,17.68,22.36,89.6
"2026-03-02 13:40:00",9,12.9,-5.482,82.8,12.36,18.06,58.98
"2026-03-02 13:41:00",10,12.91,-5.468,82.8,19.08,22.52,57.36
"2026-03-02 13:42:00",11,12.9,-5.437,82.3,16.05,18.46,53.38
"2026-03-02 13:44:00",12,12.89,-5.687,84.4,10.47,13.53,52.97
"2026-03-02 13:45:00",13,12.9,-5.67,84.3,12.7,15.93,53.5
"2026-03-02 13:46:00",14,12.89,-5.616,83.9,7.45,9.4,62.58
"2026-03-02 13:47:00",15,12.89,-5.593,83.4,8.05,10.83,63.2
"2026-03-02 13:48:00",16,12.89,-5.536,83.4,9.86,11.73,39.46
"2026-03-02 13:49:00",17,12.89,-5.596,84,10.1,13.86,36.49
"2026-03-02 13:50:00",18,12.89,-5.67,84.5,9.55,12.66,43.95
"2026-03-02 13:51:00",19,12.89,-5.681,84.1,12.26,16.69,80
"2026-03-02 13:52:00",20,12.88,-5.573,83,13.71,18.86,62.12
"2026-03-02 13:53:00",21,12.88,-5.511,82.2,11.48,15.99,72.95
"2026-03-02 13:54:00",22,12.88,-5.446,81.3,11.84,13.99,53.87
"2026-03-02 13:55:00",23,12.88,-5.403,81.1,9.68,11.26,47.01
"2026-03-02 13:56:00",24,12.88,-5.435,81.9,10.19,12.56,57.24
"2026-03-02 13:57:00",25,12.88,-5.46,81.3,11.21,12.46,65.91
"2026-03-02 13:58:00",26,12.88,-5.437,81,14.14,18.76,61.56
"2026-03-02 13:59:00",27,12.88,-5.395,81.2,11.78,15.89,54.4
"2026-03-02 14:00:00",28,12.88,-5.42,81,9.11,16.39,45.83
"2026-03-02 14:01:00",29,12.87,-5.403,80.7,7.169,8.4,32.53
"2026-03-02 14:02:00",30,12.87,-5.435,81.6,10.12,16.16,56.11
"2026-03-02 14:03:00",31,12.87,-5.423,80.8,12.92,15.99,60.7
"2026-03-02 14:04:00",32,12.86,-5.398,81,10.57,14.23,45.56
"2026-03-02 14:05:00",33,12.86,-5.457,81.2,9.99,14.73,40.06
"2026-03-02 14:06:00",34,12.86,-5.406,80.8,13.18,15.79,64.22
"2026-03-02 14:07:00",35,12.86,-5.412,80.9,10.64,15.83,49.06
"2026-03-02 14:08:00",36,12.86,-5.418,80.9,13.3,17.43,52.8
"2026-03-02 14:09:00",37,12.86,-5.401,80.7,13.85,16.76,38.56
"2026-03-02 14:10:00",38,12.86,-5.403,81,14.35,19.23,92.9
"2026-03-02 14:11:00",39,12.86,-5.42,81.2,13.16,20.03,47.45
"2026-03-02 14:12:00",40,12.85,-5.409,81,14.51,20.69,37.09
"2026-03-02 14:13:00",41,12.85,-5.381,81,13.68,18.76,50.61
"2026-03-02 14:14:00",42,12.85,-5.403,81.5,12.94,19.89,36.9
"2026-03-02 14:15:00",43,12.85,-5.409,81.1,14.55,20.92,50.03
"2026-03-02 14:16:00",44,12.85,-5.381,81.1,15.92,22.02,80.1
"2026-03-02 14:17:00",45,12.85,-5.352,81.1,12.96,17.59,67.26
"2026-03-02 14:18:00",46,12.85,-5.395,81.8,10.96,13.73,79.86
"2026-03-02 14:19:00",47,12.85,-5.384,81.1,9.46,16.06,167.8
"2026-03-02 14:20:00",48,12.85,-5.355,81.1,7.541,11.93,44.45
"2026-03-02 14:21:00",49,12.85,-5.392,81.5,15.52,21.16,64.27
"2026-03-02 14:22:00",50,12.84,-5.389,81.3,9.8,14.59,52.25
"2026-03-02 14:23:00",51,12.84,-5.412,82.1,12.38,17.76,37.17
"2026-03-02 14:24:00",52,12.84,-5.471,82.4,14.89,21.76,66
"2026-03-02 14:25:00",53,12.84,-5.418,81.7,15.83,19.89,59.27
"2026-03-02 14:26:00",54,12.84,-5.384,81.4,12.51,15.66,61.64
"2026-03-02 14:27:00",55,12.84,-5.375,81.4,12.38,14.16,58.35
"2026-03-02 14:28:00",56,12.84,-5.412,81.4,15.49,20.59,83.2
"2026-03-02 14:29:00",57,12.84,-5.386,81.6,12.52,13.83,56.42
"2026-03-02 14:30:00",58,12.84,-5.434,82,13.62,18.49,33.64
"2026-03-02 14:31:00",59,12.84,-5.451,81.8,17.35,20.06,48.1
"2026-03-02 14:32:00",60,12.84,-5.409,80.7,15,34.19,73.08
"2026-03-02 14:33:00",61,12.83,-5.392,81.4,12.41,17.06,54.57
"2026-03-02 14:34:00",62,12.83,-5.437,82,11.32,15.63,41.58
"2026-03-02 14:35:00",63,12.83,-5.465,82.4,15.09,18.16,50.29
"2026-03-02 14:36:00",64,12.83,-5.473,82.2,17.12,18.86,76.12
"2026-03-02 14:37:00",65,12.83,-5.467,82.3,10.88,16.46,58.41
"2026-03-02 14:38:00",66,12.83,-5.467,82.5,12.79,14.23,58.07
"2026-03-02 14:39:00",67,12.83,-5.486,82.8,15.19,17.26,59.2
"2026-03-02 14:40:00",68,12.83,-5.48,82.7,14.47,18.26,56.65
"2026-03-02 14:41:00",69,12.83,-5.514,82.9,13.7,16.03,59.01
"2026-03-02 14:42:00",70,12.83,-5.526,82.7,12.32,15.46,67.82
"2026-03-02 14:43:00",71,12.83,-5.52,83.1,10.6,15.69,47.79
"2026-03-02 14:44:00",72,12.83,-5.554,83.3,13.3,15.86,52.01
"2026-03-02 14:45:00",73,12.83,-5.539,83,14.14,17.89,64.39
"2026-03-02 14:46:00",74,12.82,-5.488,82.6,14.39,20.06,73.15
"2026-03-02 14:47:00",75,12.82,-5.48,82.7,13.61,17.96,70.71
"2026-03-02 14:48:00",76,12.82,-5.466,82.9,11.92,14.26,57.32
"2026-03-02 14:49:00",77,12.82,-5.491,83.4,14.85,17.03,45.81
"2026-03-02 14:50:00",78,12.82,-5.54,83,11.92,15.59,55.65
"2026-03-02 14:51:00",79,12.82,-5.5,82.9,10.87,13.03,58.02
"2026-03-02 14:52:00",80,12.82,-5.502,83,15.3,18.06,71.3
"2026-03-02 14:53:00",81,12.82,-5.488,82.8,12.36,15.13,69.97
"2026-03-02 14:54:00",82,12.82,-5.491,83.2,11.13,12.96,35.31
"2026-03-02 14:55:00",83,12.82,-5.49,83.2,11.8,13.86,36.42
"2026-03-02 14:56:00",84,12.82,-5.492,83.1,9.83,13.39,76.78
"2026-03-02 14:57:00",85,12.82,-5.492,82.8,6.081,11.9,47.07
"2026-03-02 14:58:00",86,12.82,-5.486,83.2,7.783,11.43,71.78
"2026-03-02 14:59:00",87,12.82,-5.532,83.4,7.988,10.03,66.13
"2026-03-02 15:00:00",88,12.82,-5.481,83.2,12.39,16.23,72.7
"2026-03-02 15:01:00",89,12.82,-5.438,81.8,11.99,17.33,46.78
"2026-03-02 15:02:00",90,12.81,-5.404,82,12.28,17.89,69.06
"2026-03-02 15:03:00",91,12.81,-5.423,82.4,13.75,16.16,72.07
"2026-03-02 15:04:00",92,12.81,-5.435,82.5,9.23,13.49,59.06
"2026-03-02 15:05:00",93,12.81,-5.434,82.8,11.75,14.13,75.79
"2026-03-02 15:06:00",94,12.81,-5.485,83.1,9.74,11.6,63.09
"2026-03-02 15:07:00",95,12.81,-5.534,83.7,7.836,10.4,49.05
"2026-03-02 15:08:00",96,12.81,-5.664,84.3,7.378,13.06,75.16
"2026-03-02 15:09:00",97,12.81,-5.658,84.3,10.01,13.29,75.02
"2026-03-02 15:10:00",98,12.81,-5.59,83.9,12.54,15.26,70.05
"2026-03-02 15:11:00",99,12.81,-5.533,83.2,8.27,12.33,58.73
"2026-03-02 15:12:00",100,12.81,-5.468,82.8,10.34,12.4,61.89
"2026-03-02 15:13:00",101,12.81,-5.463,82.5,10.55,12.53,53.8
"2026-03-02 15:14:00",102,12.81,-5.465,82.4,10.13,12.69,70
"2026-03-02 15:15:00",103,12.81,-5.457,82.7,8.75,11.66,62.03
"2026-03-02 15:16:00",104,12.81,-5.48,83.2,11.09,14.43,65.41
"2026-03-02 15:17:00",105,12.81,-5.522,83.4,10.65,11.53,60.17
"2026-03-02 15:18:00",106,12.81,-5.548,83.2,11,12.23,40.19
"2026-03-02 15:19:00",107,12.81,-5.514,82.9,10.57,13.09,65.75
"2026-03-02 15:20:00",108,12.81,-5.499,82.7,10.79,14.16,74.32
"2026-03-02 15:21:00",109,12.81,-5.505,83.1,13.78,16.06,69.49
"2026-03-02 15:22:00",110,12.81,-5.477,82.6,13.36,16.26,55.81
"2026-03-02 15:23:00",111,12.8,-5.468,82.3,8.57,9.33,66.52
"2026-03-02 15:24:00",112,12.8,-5.437,82.2,11.56,13.89,77.87
"2026-03-02 15:25:00",113,12.8,-5.443,82.4,12.67,15.36,78.2
"2026-03-02 15:26:00",114,12.8,-5.477,82.8,10.09,11.83,73.81
"2026-03-02 15:27:00",115,12.8,-5.494,82.8,6.689,9.23,48.42
"2026-03-02 15:28:00",116,12.8,-5.548,83.3,8.94,9.5,66.55
"2026-03-02 15:29:00",117,12.8,-5.59,83.7,7.205,8.46,48.71
"2026-03-02 15:30:00",118,12.8,-5.641,84,5.648,7.031,68.36
"2026-03-02 15:31:00",119,12.8,-5.669,84.3,8.74,11.76,74.61
"2026-03-02 15:32:00",120,12.8,-5.633,83.5,11.48,16.96,78.81
"2026-03-02 15:33:00",121,12.79,-5.494,82.2,11.24,16.69,70.48
"2026-03-02 15:34:00",122,12.79,-5.457,81.7,11.91,14.33,55.32
"2026-03-02 15:35:00",123,12.79,-5.448,81.8,8.65,11.03,64.81
"2026-03-02 15:36:00",124,12.79,-5.48,82.2,10.13,12.1,63.12
"2026-03-02 15:37:00",125,12.79,-5.567,83.1,10.3,13.26,70.63
"2026-03-02 15:38:00",126,12.79,-5.59,83.2,7.783,10.66,36.88
"2026-03-02 15:39:00",127,12.79,-5.584,83,6.839,12.33,56.6
"2026-03-02 15:40:00",128,12.79,-5.576,82.8,11.67,14.09,62.52
"2026-03-02 15:41:00",129,12.79,-5.525,81.8,12.98,15.06,75.24
"2026-03-02 15:42:00",130,12.79,-5.434,81,13.33,16.39,67.99
"2026-03-02 15:43:00",131,12.79,-5.38,81,16.28,18.59,84.8
"2026-03-02 15:44:00",132,12.79,-5.366,80.5,14.16,17.79,81.8
"2026-03-02 15:45:00",133,12.79,-5.315,79.79,15.47,19.29,72.65
"2026-03-02 15:46:00",134,12.79,-5.295,79.76,10.23,13.63,64.54
"2026-03-02 15:47:00",135,12.79,-5.315,80.2,10.2,12.53,70.96
"2026-03-02 15:48:00",136,12.79,-5.358,80.4,12.05,14.49,72.36
"2026-03-02 15:49:00",137,12.79,-5.366,80.7,13.01,15.46,67.29
"2026-03-02 15:50:00",138,12.79,-5.42,80.9,11.1,13.53,65.7
"2026-03-02 15:51:00",139,12.79,-5.443,81.5,11.91,12.66,60.15
"2026-03-02 15:52:00",140,12.79,-5.482,81.8,10.33,11.8,73.55
"2026-03-02 15:53:00",141,12.79,-5.482,81.9,10.43,11.8,78.88
"2026-03-02 15:54:00",142,12.79,-5.463,81,12.98,14.43,90
"2026-03-02 15:55:00",143,12.79,-5.392,80.3,12.12,14.73,88.1
"2026-03-02 15:56:00",144,12.79,-5.363,80.2,11.65,15.06,95.8
"2026-03-02 15:57:00",145,12.79,-5.363,80.3,12.77,14.23,70
"2026-03-02 15:58:00",146,12.79,-5.363,80.3,11.56,13.73,67.75
"2026-03-02 15:59:00",147,12.79,-5.338,79.76,10.77,14.06,49.19
"2026-03-02 16:00:00",148,12.79,-5.295,79.59,10.73,13.69,70.63
"2026-03-02 16:01:00",149,12.79,-5.301,79.59,8.27,12.36,70.99
"2026-03-02 16:02:00",150,12.79,-5.324,79.82,9.09,10.93,90.8
"2026-03-02 16:03:00",151,12.79,-5.31,79.89,10.72,13.03,83
"2026-03-02 16:04:00",152,12.79,-5.346,80.2,7.405,8.2,61.26
"2026-03-02 16:05:00",153,12.79,-5.375,80.3,8.3,10.23,63.67
"2026-03-02 16:06:00",154,12.79,-5.366,80,8.6,10.96,47.96
"2026-03-02 16:07:00",155,12.78,-5.335,79.93,10.32,13.16,77.65
"2026-03-02 16:08:00",156,12.78,-5.329,79.65,10.3,13.36,48.27
"2026-03-02 16:09:00",157,12.78,-5.307,79.25,11.2,14.29,64.23
"2026-03-02 16:10:00",158,12.78,-5.278,78.97,10.5,14.63,83.3
"2026-03-02 16:11:00",159,12.78,-5.276,79.11,9.21,11.56,68.04
"2026-03-02 16:12:00",160,12.78,-5.287,79.04,11.75,15.06,65.34
"2026-03-02 16:13:00",161,12.78,-5.244,78.53,10.51,14.93,62.08
"2026-03-02 16:14:00",162,12.78,-5.233,78.74,12.9,16.73,67.54
"2026-03-02 16:15:00",163,12.78,-5.196,77.82,14.38,23.96,77.84
"2026-03-02 16:16:00",164,12.78,-5.148,77.75,14.56,19.33,101.6
"2026-03-02 16:17:00",165,12.78,-5.151,78.5,13.99,18.39,72.68
"2026-03-02 16:18:00",166,12.78,-5.227,78.8,12.93,16.36,70.79
"2026-03-02 16:19:00",167,12.78,-5.247,78.57,10.03,13.63,69.49
"2026-03-02 16:20:00",168,12.78,-5.244,78.23,11.49,16.06,76.39
"2026-03-02 16:21:00",169,12.78,-5.188,77.72,12.38,15.96,64.81
"2026-03-02 16:22:00",170,12.78,-5.194,78.09,11.49,13.39,67.51
"2026-03-02 16:23:00",171,12.78,-5.242,78.87,13.61,15.23,92
"2026-03-02 16:24:00",172,12.78,-5.278,79.14,9.19,12.3,70.55
"2026-03-02 16:25:00",173,12.78,-5.327,79.28,9.64,12.2,65.8
"2026-03-02 16:26:00",174,12.78,-5.324,79.42,9.88,12.1,73.47
"2026-03-02 16:27:00",175,12.78,-5.338,79.21,10.48,13.93,69.03
"2026-03-02 16:28:00",176,12.78,-5.261,78.19,6.261,9.56,84.9
"2026-03-02 16:29:00",177,12.78,-5.242,78.23,12.5,16.19,84.2
"2026-03-02 16:30:00",178,12.78,-5.216,77.89,12.82,16.73,68.94
"2026-03-02 16:31:00",179,12.78,-5.185,77.58,12.27,15.23,91.1
"2026-03-02 16:32:00",180,12.78,-5.188,77.92,10.24,11.63,65.58
"2026-03-02 16:33:00",181,12.78,-5.205,78.19,11.99,15.13,66.28
"2026-03-02 16:34:00",182,12.78,-5.219,78.12,8.14,9.73,48.97
"2026-03-02 16:35:00",183,12.78,-5.267,78.97,11.69,13.76,79.94
"2026-03-02 16:36:00",184,12.78,-5.242,77.92,13.83,16.96,75.5
"2026-03-02 16:37:00",185,12.78,-5.123,76.7,15.72,18.89,80.3
"2026-03-02 16:38:00",186,12.78,-5.072,76.66,9.5,11.26,63.77
"2026-03-02 16:39:00",187,12.78,-5.109,77.48,12.43,14.46,80.8
"2026-03-02 16:40:00",188,12.78,-5.137,77.55,12.98,17.03,103.2
"2026-03-02 16:41:00",189,12.78,-5.123,77.68,11.46,14.96,75.55
"2026-03-02 16:42:00",190,12.78,-5.117,77.82,9.62,10.96,71.06
"2026-03-02 16:43:00",191,12.78,-5.174,78.06,9.28,10.33,89.9
"2026-03-02 16:44:00",192,12.78,-5.194,78.23,7.022,9.73,83.9
"2026-03-02 16:45:00",193,12.78,-5.213,78.7,7.397,8.7,75.41
"2026-03-02 16:46:00",194,12.78,-5.267,79.21,7.697,10.83,64.45
"2026-03-02 16:47:00",195,12.78,-5.284,78.74,9.61,10.76,55.73
"2026-03-02 16:48:00",196,12.78,-5.264,79.08,9.82,12,36.95
"2026-03-02 16:49:00",197,12.78,-5.31,79.14,4.981,10.2,44.68
"2026-03-02 16:50:00",198,12.78,-5.397,80.3,9.77,13.66,69.76
"2026-03-02 16:51:00",199,12.78,-5.324,79.08,6.761,9.06,66.31
"2026-03-02 16:52:00",200,12.78,-5.287,78.6,5.856,8.93,93
"2026-03-02 16:53:00",201,12.78,-5.25,78.26,6.1,7.83,60.25
"2026-03-02 16:54:00",202,12.77,-5.219,78.53,11.15,13.23,78.08
"2026-03-02 16:55:00",203,12.77,-5.259,79.45,9.64,10.7,58.87
"2026-03-02 16:56:00",204,12.77,-5.355,79.86,10.15,12.36,66.47
"2026-03-02 16:57:00",205,12.77,-5.315,78.63,11.82,14.43,82.7
"2026-03-02 16:58:00",206,12.77,-5.27,78.91,10.07,11.6,70.07
"2026-03-02 16:59:00",207,12.77,-5.329,78.63,8.04,9.26,61.36
"2026-03-02 17:00:00",208,12.77,-5.366,79.52,5.703,6.331,57.42
"2026-03-02 17:01:00",209,12.77,-5.471,80,6.27,8.9,70.67
"2026-03-02 17:02:00",210,12.77,-5.499,80.3,6.173,8.53,74.17
"2026-03-02 17:03:00",211,12.77,-5.465,80.2,8.14,10.53,54.43
"2026-03-02 17:04:00",212,12.77,-5.451,80.1,8.39,10.16,71.88
"2026-03-02 17:05:00",213,12.77,-5.389,79.55,8.31,11.3,48.9
"2026-03-02 17:06:00",214,12.77,-5.38,79.65,10.74,13.79,109.4
"2026-03-02 17:07:00",215,12.77,-5.295,79.14,9.1,14.19,74.34
"2026-03-02 17:08:00",216,12.77,-5.273,79.01,11.87,17.43,68.6
"2026-03-02 17:09:00",217,12.77,-5.227,78.67,9.32,12.53,64.49
"2026-03-02 17:10:00",218,12.77,-5.242,78.67,10.96,13.59,53.51
"2026-03-02 17:11:00",219,12.77,-5.236,78.94,8.71,9.36,53.75
"2026-03-02 17:12:00",220,12.77,-5.275,78.97,10.45,11.66,63.51
"2026-03-02 17:13:00",221,12.77,-5.253,79.25,11.85,13.69,58.7
"2026-03-02 17:14:00",222,12.77,-5.207,78.91,13.36,15.89,65.53
"2026-03-02 17:15:00",223,12.77,-5.145,78.77,11.21,14.39,73.81
"2026-03-02 17:16:00",224,12.77,-5.14,78.91,12.64,15.93,60.68
"2026-03-02 17:17:00",225,12.77,-5.159,78.94,9.69,11.36,62.61
"2026-03-02 17:18:00",226,12.77,-5.188,78.94,7.891,9.1,71.06
"2026-03-02 17:19:00",227,12.77,-5.199,79.01,7.1,8.06,37.2
"2026-03-02 17:20:00",228,12.77,-5.256,79.65,7.447,9.8,59.74
"2026-03-02 17:21:00",229,12.77,-5.352,80.6,9.82,11.36,68.65
"2026-03-02 17:22:00",230,12.77,-5.301,80.1,9.39,12.16,78.59
"2026-03-02 17:23:00",231,12.77,-5.281,80.3,7.411,9.06,45.47
"2026-03-02 17:24:00",232,12.77,-5.349,80.6,7.161,8.43,52.47
"2026-03-02 17:25:00",233,12.77,-5.395,81.2,5.937,7.464,52.57
"2026-03-02 17:26:00",234,12.77,-5.437,81.5,6.994,9.66,15.86
"2026-03-02 17:27:00",235,12.77,-5.412,81.1,8.83,13.09,86.4
"2026-03-02 17:28:00",236,12.77,-5.389,81,8.98,11.33,31.26
"2026-03-02 17:29:00",237,12.77,-5.431,81.6,7.752,8.93,35.05
"2026-03-02 17:30:00",238,12.77,-5.508,81.9,5.581,6.997,76.13
"2026-03-02 17:31:00",239,12.77,-5.587,82.4,6.6,8.3,73.59
"2026-03-02 17:32:00",240,12.77,-5.633,83.1,3.077,6.264,66.38
"2026-03-02 17:33:00",241,12.77,-5.661,83.4,6.583,12.03,63.31
"2026-03-02 17:34:00",242,12.77,-5.542,82,9.37,12.43,45.47
"2026-03-02 17:35:00",243,12.77,-5.48,82.1,11.74,14.86,78.78
"2026-03-02 17:36:00",244,12.77,-5.403,81.1,8.47,10.13,54
"2026-03-02 17:37:00",245,12.77,-5.366,80.7,8.61,12.53,40.65
"2026-03-02 17:38:00",246,12.77,-5.298,80.1,10.47,12.83,62.44
"2026-03-02 17:39:00",247,12.77,-5.307,80.8,12.05,13.79,46.32
"2026-03-02 17:40:00",248,12.77,-5.344,81.1,12.51,18.33,63.41
"2026-03-02 17:41:00",249,12.77,-5.287,79.93,16.9,21.16,61.57
"2026-03-02 17:42:00",250,12.77,-5.227,79.69,10.86,14.29,50.28
"2026-03-02 17:43:00",251,12.77,-5.216,79.93,14.68,16.53,72.85
"2026-03-02 17:44:00",252,12.77,-5.185,79.65,13.01,14.03,61.07
"2026-03-02 17:45:00",253,12.77,-5.202,79.38,10.81,13.19,70.53
"2026-03-02 17:46:00",254,12.77,-5.154,78.91,11.52,13.16,56.63
"2026-03-02 17:47:00",255,12.77,-5.162,78.8,12.71,18.53,63.19
"2026-03-02 17:48:00",256,12.77,-5.168,79.31,9.49,12.99,42.26
"2026-03-02 17:49:00",257,12.77,-5.27,80.2,9.32,13.56,67.05
"2026-03-02 17:50:00",258,12.77,-5.278,79.72,9.24,17.13,49
"2026-03-02 17:51:00",259,12.77,-5.281,80.2,10.36,13.79,65.51
"2026-03-02 17:52:00",260,12.77,-5.247,79.86,9.51,11.33,49.34
"2026-03-02 17:53:00",261,12.77,-5.301,80.5,9.99,14.16,47.41
"2026-03-02 17:54:00",262,12.77,-5.301,80.4,12.23,13.53,62.61
"2026-03-02 17:55:00",263,12.77,-5.261,80.3,11.75,15.13,74.03
"2026-03-02 17:56:00",264,12.77,-5.261,80.5,12.15,14.56,62.81
"2026-03-02 17:57:00",265,12.77,-5.236,80.3,11.96,13.79,60.25
"2026-03-02 17:58:00",266,12.77,-5.27,80.6,10.62,14.26,55.85
"2026-03-02 17:59:00",267,12.77,-5.298,81,10.97,12.4,75.77
"2026-03-02 18:00:00",268,12.77,-5.318,81,12.7,16.13,48.56
"2026-03-02 18:01:00",269,12.77,-5.295,80.8,13.51,16.66,54.65
"2026-03-02 18:02:00",270,12.77,-5.27,80.9,10.77,13.16,63.7
"2026-03-02 18:03:00",271,12.77,-5.29,80.8,9.16,11.26,53.78
"2026-03-02 18:04:00",272,12.77,-5.284,81,9.49,11.16,38.69
"2026-03-02 18:05:00",273,12.77,-5.397,82.4,7.969,9.7,40.79
"2026-03-02 18:06:00",274,12.77,-5.491,83.2,9.7,11.33,55.56
"2026-03-02 18:07:00",275,12.77,-5.471,82.9,11.77,14.59,60.01
"2026-03-02 18:08:00",276,12.77,-5.429,82.7,10.88,13.49,57.21
"2026-03-02 18:09:00",277,12.77,-5.451,82.9,8.24,13.46,70.94
"2026-03-02 18:10:00",278,12.77,-5.448,82.7,9.58,11.66,61.7
"2026-03-02 18:11:00",279,12.77,-5.38,81.2,11.49,19.13,72.12
"2026-03-02 18:12:00",280,12.77,-5.242,80.5,7.866,11.03,41.11
"2026-03-02 18:13:00",281,12.77,-5.295,81.5,8.13,11.8,54.19
"2026-03-02 18:14:00",282,12.77,-5.372,82.2,9.16,10.53,64.04
"2026-03-02 18:15:00",283,12.77,-5.372,82.2,12.66,17.83,57.71
"2026-03-02 18:16:00",284,12.77,-5.366,82.4,10.33,12.86,72.56
"2026-03-02 18:17:00",285,12.77,-5.38,82.3,10.71,13.56,67.78
"2026-03-02 18:18:00",286,12.77,-5.377,82.6,11.73,14.03,62.08
"2026-03-02 18:19:00",287,12.77,-5.397,82.8,11.95,14.89,77.94
"2026-03-02 18:20:00",288,12.77,-5.42,83.1,14.58,16.39,47.26
"2026-03-02 18:21:00",289,12.77,-5.428,83.2,9.94,11.03,44.27
"2026-03-02 18:22:00",290,12.77,-5.448,83,12.01,15.39,69.66
"2026-03-02 18:23:00",291,12.77,-5.414,82.6,9.76,15.96,44.73
"2026-03-02 18:24:00",292,12.77,-5.358,82.7,9.62,11.7,73.88
"2026-03-02 18:25:00",293,12.76,-5.361,82.7,10.59,16.96,47.41
"2026-03-02 18:26:00",294,12.77,-5.363,82.6,11.1,13.19,70.02
"2026-03-02 18:27:00",295,12.77,-5.355,82.8,11.26,12.2,67.01
"2026-03-02 18:28:00",296,12.76,-5.332,82.4,12.96,15.63,55.49
"2026-03-02 18:29:00",297,12.77,-5.31,81.9,13.79,17.06,62.54
"2026-03-02 18:30:00",298,12.76,-5.284,81.7,14.21,18.39,76.44
"2026-03-02 18:31:00",299,12.77,-5.293,82.2,13.28,15.29,61.26
"2026-03-02 18:32:00",300,12.77,-5.355,82.7,9.96,13.06,66.23
"2026-03-02 18:33:00",301,12.77,-5.366,82.5,13.26,16.99,47.74
"2026-03-02 18:34:00",302,12.76,-5.327,82.3,10.76,13.29,51.51
"2026-03-02 18:35:00",303,12.76,-5.338,81.9,13.36,18.26,60.15
"2026-03-02 18:36:00",304,12.77,-5.307,81.9,13,15.19,68.41
"2026-03-02 18:37:00",305,12.76,-5.315,81.7,11.33,15.69,76.9
"2026-03-02 18:38:00",306,12.77,-5.312,82.1,10.04,11.9,47.57
"2026-03-02 18:39:00",307,12.77,-5.38,82.8,11.07,12.96,41.44
"2026-03-02 18:40:00",308,12.77,-5.446,83.2,11.7,14.96,53.63
"2026-03-02 18:41:00",309,12.77,-5.417,82.8,12.24,15.19,75.33
"2026-03-02 18:42:00",310,12.77,-5.42,82.8,13.29,16.29,55.44
"2026-03-02 18:43:00",311,12.77,-5.448,83.5,8.96,11.26,61.72
"2026-03-02 18:44:00",312,12.77,-5.497,83.5,11.5,14.29,67.75
"2026-03-02 18:45:00",313,12.76,-5.457,83.2,13.89,18.46,83.2
"2026-03-02 18:46:00",314,12.76,-5.395,82.5,11.86,15.83,52.47
"2026-03-02 18:47:00",315,12.76,-5.395,82.5,8.72,9.83,48.4
"2026-03-02 18:48:00",316,12.76,-5.383,82.5,9.32,11.8,46.61
"2026-03-02 18:49:00",317,12.77,-5.395,82.5,12.13,16.09,50.09
"2026-03-02 18:50:00",318,12.76,-5.352,81.8,9.01,15.26,43.95
"2026-03-02 18:51:00",319,12.76,-5.355,82.5,8.55,11.13,51.94
"2026-03-02 18:52:00",320,12.76,-5.471,83.6,7.067,9.4,41.35
"2026-03-02 18:53:00",321,12.76,-5.533,83.8,8.08,10.13,81.5
"2026-03-02 18:54:00",322,12.76,-5.48,83.4,7.927,10.56,31.89
"2026-03-02 18:55:00",323,12.76,-5.468,83.7,8.87,11.06,52.06
"2026-03-02 18:56:00",324,12.76,-5.511,83.7,11.73,15.76,62.56
"2026-03-02 18:57:00",325,12.76,-5.463,83.2,12.01,16.99,74.51
"2026-03-02 18:58:00",326,12.76,-5.412,82.9,11.55,16.33,63.51
"2026-03-02 18:59:00",327,12.76,-5.38,82.5,10.37,13.49,64.5
"2026-03-02 19:00:00",328,12.76,-5.332,82.3,9.41,13.49,64.16
"2026-03-02 19:01:00",329,12.76,-5.346,82.2,10.97,13.19,33.91
"2026-03-02 19:02:00",330,12.76,-5.369,82.6,8.83,10.5,42.36
"2026-03-02 19:03:00",331,12.76,-5.429,83.3,10.88,12.26,47
"2026-03-02 19:04:00",332,12.76,-5.477,83.8,12.06,14.69,71.18
"2026-03-02 19:05:00",333,12.76,-5.488,83.8,9.26,11.66,43.42
"2026-03-02 19:06:00",334,12.76,-5.448,83.6,11.6,16.79,67.75
"2026-03-02 19:07:00",335,12.76,-5.409,83.5,10.99,14.13,39.37
"2026-03-02 19:08:00",336,12.76,-5.423,83.4,11.55,14.83,62.88
"2026-03-02 19:09:00",337,12.76,-5.383,83.3,7.7,10.03,49.12
"2026-03-02 19:10:00",338,12.76,-5.434,83.9,10.74,13.29,47.16
"2026-03-02 19:11:00",339,12.76,-5.434,83.8,10.4,11.5,44.56
"2026-03-02 19:12:00",340,12.76,-5.463,84,7.955,10.23,32.75
"2026-03-02 19:13:00",341,12.76,-5.548,84.6,10.7,12.43,31.86
"2026-03-02 19:14:00",342,12.76,-5.522,84.7,7.469,9.26,26.43
"2026-03-02 19:15:00",343,12.76,-5.559,84.7,6.786,9.8,33.5
"2026-03-02 19:16:00",344,12.76,-5.633,85.2,9.29,12.16,37.51
"2026-03-02 19:17:00",345,12.76,-5.655,85.4,13.97,16.56,42.99
"2026-03-02 19:18:00",346,12.76,-5.542,85,11.6,19.16,58.44
"2026-03-02 19:19:00",347,12.76,-5.485,84.5,10.47,13.39,48.49
"2026-03-02 19:20:00",348,12.76,-5.505,84.8,11.93,14.19,41.01
"2026-03-02 19:21:00",349,12.76,-5.519,85,11.87,13.96,45.55
"2026-03-02 19:22:00",350,12.76,-5.51,84.9,12.97,14.16,65.34
"2026-03-02 19:23:00",351,12.76,-5.471,84.7,12.25,15.93,52.93
"2026-03-02 19:24:00",352,12.76,-5.457,84.7,10.22,11.83,43.06
"2026-03-02 19:25:00",353,12.76,-5.494,84.9,12.58,17.43,59.76
"2026-03-02 19:26:00",354,12.76,-5.446,84.7,13.05,15.26,80.7
"2026-03-02 19:27:00",355,12.76,-5.383,84.2,12.97,19.03,44.51
"2026-03-02 19:28:00",356,12.76,-5.329,84,11.62,13.06,62.64
"2026-03-02 19:29:00",357,12.76,-5.372,84,10.75,11.73,48.98
"2026-03-02 19:30:00",358,12.76,-5.315,83.9,13.9,15.56,51.77
"2026-03-02 19:31:00",359,12.76,-5.307,83.8,13.86,16.26,64.54
"2026-03-02 19:32:00",360,12.76,-5.293,83.7,13.1,14.59,62.73
"2026-03-02 19:33:00",361,12.76,-5.295,83.8,12.63,13.66,59.28
"2026-03-02 19:34:00",362,12.76,-5.27,83.5,16.9,19.53,60.05
"2026-03-02 19:35:00",363,12.76,-5.239,83.3,14.32,16.63,58.73
"2026-03-02 19:36:00",364,12.76,-5.23,83,13.5,16.46,58.15
"2026-03-02 19:37:00",365,12.76,-5.185,82.8,10.38,12.59,53.68
"2026-03-02 19:38:00",366,12.76,-5.171,82.5,12.1,14.39,58.7
"2026-03-02 19:39:00",367,12.76,-5.179,83,11.36,15.19,59.52
"2026-03-02 19:40:00",368,12.76,-5.199,82.8,11.82,15.53,36.25
"2026-03-02 19:41:00",369,12.76,-5.205,83.1,11.44,17.03,60.34
"2026-03-02 19:42:00",370,12.76,-5.196,83.4,12.99,14.96,46.44
"2026-03-02 19:43:00",371,12.76,-5.233,83.5,8.54,10.4,80.7
"2026-03-02 19:44:00",372,12.76,-5.242,83.5,10.62,12.69,67.42
"2026-03-02 19:45:00",373,12.76,-5.225,83.4,12.89,15.16,62.73
"2026-03-02 19:46:00",374,12.76,-5.196,83.5,13.03,19.69,63.87
"2026-03-02 19:47:00",375,12.76,-5.14,83,11.75,17.19,66.98
"2026-03-02 19:48:00",376,12.76,-5.157,83,12.54,16.63,61.94
"2026-03-02 19:49:00",377,12.76,-5.114,82.5,8.65,12.43,48.3
"2026-03-02 19:50:00",378,12.76,-5.111,82.7,11.56,13.19,46.37
"2026-03-02 19:51:00",379,12.76,-5.069,82.5,12.17,17.99,49.65
"2026-03-02 19:52:00",380,12.76,-5.049,82.5,12.18,16.89,69.66
"2026-03-02 19:53:00",381,12.76,-5.066,82.7,13.08,18.96,24.93
"2026-03-02 19:54:00",382,12.76,-5.097,83.1,11.18,13.46,37.07
"2026-03-02 19:55:00",383,12.76,-5.137,83.4,9.12,11.63,52.21
"2026-03-02 19:56:00",384,12.76,-5.157,83.7,7.816,10.63,36.86
"2026-03-02 19:57:00",385,12.76,-5.202,84,8.63,10.9,46.08
"2026-03-02 19:58:00",386,12.76,-5.273,84.5,8.78,11.36,48.81
"2026-03-02 19:59:00",387,12.76,-5.225,84.3,9.59,11.5,39.32
"2026-03-02 20:00:00",388,12.76,-5.25,84.6,13.58,15.79,31.23
"2026-03-02 20:01:00",389,12.76,-5.233,84.6,13.42,16.06,49.92
"2026-03-02 20:02:00",390,12.76,-5.165,84.4,13.91,15.16,34.35
"2026-03-02 20:03:00",391,12.76,-5.168,84.2,13.07,18.06,59.69
"2026-03-02 20:04:00",392,12.76,-5.165,84,13.02,15.73,55.2
"2026-03-02 20:05:00",393,12.76,-5.134,83.7,17.22,19.76,75.5
"2026-03-02 20:06:00",394,12.76,-5.1,83.7,15.13,20.39,79.46
"2026-03-02 20:07:00",395,12.76,-5.094,83.6,14.06,17.16,52.4
"2026-03-02 20:08:00",396,12.76,-5.097,83.8,15.29,17.09,55.9
"2026-03-02 20:09:00",397,12.76,-5.103,83.6,15.47,18.83,74.29
"2026-03-02 20:10:00",398,12.76,-5.06,83.7,12.36,14.03,52.09
"2026-03-02 20:11:00",399,12.76,-5.114,83.7,13.25,17.39,66.57
"2026-03-02 20:12:00",400,12.76,-5.077,83.6,14.41,15.79,49.72
"2026-03-02 20:13:00",401,12.76,-5.066,83.6,14.3,17.06,49.8
"2026-03-02 20:14:00",402,12.76,-5.069,83.4,12.92,17.73,54.5
"2026-03-02 20:15:00",403,12.76,-5.103,83.6,13.28,17.23,58.73
"2026-03-02 20:16:00",404,12.76,-5.038,83.3,14.31,18.19,62.73
"2026-03-02 20:17:00",405,12.76,-5.021,83.3,16.12,17.96,53.03
"2026-03-02 20:18:00",406,12.76,-5.035,83.2,13.69,16.39,62.71
"2026-03-02 20:19:00",407,12.76,-5.029,83.4,10.6,12.89,63.63
"2026-03-02 20:20:00",408,12.76,-5.1,84,12.12,13.46,50.86
"2026-03-02 20:21:00",409,12.76,-5.117,84.2,13.61,15.59,53.97
"2026-03-02 20:22:00",410,12.76,-5.063,83.5,13.09,15.46,37.05
"2026-03-02 20:23:00",411,12.76,-5.077,83.6,11.99,16.46,67.1
"2026-03-02 20:24:00",412,12.76,-5.066,83.8,13.75,15.99,36.98
"2026-03-02 20:25:00",413,12.76,-5.148,84.3,10.92,12.66,53.42
"2026-03-02 20:26:00",414,12.76,-5.185,84.8,10.18,12.59,58.75
"2026-03-02 20:27:00",415,12.76,-5.247,85,9.14,11.36,56.31
"2026-03-02 20:28:00",416,12.76,-5.281,85.2,9.34,12.06,55.15
"2026-03-02 20:29:00",417,12.76,-5.284,85.3,9.73,11.23,52.91
"2026-03-02 20:30:00",418,12.76,-5.253,85.2,14.84,15.93,55.59
"2026-03-02 20:31:00",419,12.76,-5.182,84.8,17.81,20.36,69.73
"2026-03-02 20:32:00",420,12.76,-5.077,84,16.14,20.63,61.62
"2026-03-02 20:33:00",421,12.76,-5.012,83.4,13.41,16.79,50.66
"2026-03-02 20:34:00",422,12.76,-5.046,83.4,12.87,17.29,60.39
"2026-03-02 20:35:00",423,12.76,-5.018,83.3,17.46,20.16,55.64
"2026-03-02 20:36:00",424,12.76,-4.972,82.5,18.78,27.29,74.01
"2026-03-02 20:37:00",425,12.76,-4.961,82.5,14.33,18.33,38.86
"2026-03-02 20:38:00",426,12.76,-4.956,82.2,19.69,22.42,52.76
"2026-03-02 20:39:00",427,12.76,-4.888,81.9,16.24,21.79,47.24
"2026-03-02 20:40:00",428,12.76,-4.913,82.4,16.74,20.43,50.81
"2026-03-02 20:41:00",429,12.76,-4.93,82.1,20.49,28.46,52.28
"2026-03-02 20:42:00",430,12.76,-4.924,82.1,17.89,23.82,58.46
"2026-03-02 20:43:00",431,12.76,-4.91,81.6,16.63,22.12,53.01
"2026-03-02 20:44:00",432,12.76,-4.893,81.8,13.52,15.73,58.97
"2026-03-02 20:45:00",433,12.76,-4.91,82.2,15.64,18.76,68.26
"2026-03-02 20:46:00",434,12.76,-4.936,82,13.46,19.86,91.5
"2026-03-02 20:47:00",435,12.76,-4.933,82.3,14.01,18.93,67.46
"2026-03-02 20:48:00",436,12.76,-4.933,82.2,13.16,15.06,68.89
"2026-03-02 20:49:00",437,12.76,-4.932,82.5,15.43,18.46,60.49
"2026-03-02 20:50:00",438,12.76,-4.89,81.9,17.68,19.49,65.12
"2026-03-02 20:51:00",439,12.76,-4.89,81.7,14.28,16.59,58.27
"2026-03-02 20:52:00",440,12.76,-4.89,81.8,14.75,19.29,62.64
"2026-03-02 20:53:00",441,12.76,-4.899,81.7,15.14,16.26,64.3
"2026-03-02 20:54:00",442,12.76,-4.936,81.6,14.63,17.86,57.16
"2026-03-02 20:55:00",443,12.76,-4.927,81.9,14.41,17.09,73.69
"2026-03-02 20:56:00",444,12.76,-4.916,81.6,14.67,18.73,72.75
"2026-03-02 20:57:00",445,12.76,-4.885,81.4,12.8,16.13,71.88
"2026-03-02 20:58:00",446,12.76,-4.879,81.6,14.8,18.09,78.49
"2026-03-02 20:59:00",447,12.76,-4.862,81.2,13.78,16.33,75.41
"2026-03-02 21:00:00",448,12.76,-4.865,81,14.07,17.06,58.15
"2026-03-02 21:01:00",449,12.76,-4.842,81.2,14.77,17.19,67.2
"2026-03-02 21:02:00",450,12.76,-4.868,81.3,12.65,16.23,71.78
"2026-03-02 21:03:00",451,12.76,-4.888,81.6,13.11,14.59,64.54
"2026-03-02 21:04:00",452,12.76,-4.896,81.5,13.52,14.43,68.6
"2026-03-02 21:05:00",453,12.76,-4.868,81.1,13.72,15.69,68.79
"2026-03-02 21:06:00",454,12.76,-4.839,81.2,15.46,18.09,76.06
"2026-03-02 21:07:00",455,12.76,-4.856,81.5,14.47,17.76,86
"2026-03-02 21:08:00",456,12.76,-4.876,81.7,13.87,17.33,77.6
"2026-03-02 21:09:00",457,12.76,-4.868,81.1,14.36,17.06,80.9
"2026-03-02 21:10:00",458,12.76,-4.811,79.93,13.45,16.03,73.33
"2026-03-02 21:11:00",459,12.76,-4.8,80.2,12.39,14.36,106.4
"2026-03-02 21:12:00",460,12.76,-4.808,80.7,11.79,17.46,63.17
"2026-03-02 21:13:00",461,12.76,-4.864,81.4,13.89,19.63,80.5
"2026-03-02 21:14:00",462,12.76,-4.901,81.3,16.44,18.06,87.7
"2026-03-02 21:15:00",463,12.76,-4.822,80.6,13.54,17.96,82.6
"2026-03-02 21:16:00",464,12.76,-4.839,80.8,14.52,15.49,78.49
"2026-03-02 21:17:00",465,12.76,-4.828,80.5,14.96,19.63,83.7
"2026-03-02 21:18:00",466,12.76,-4.834,80.3,11.26,14.19,80.9
"2026-03-02 21:19:00",467,12.76,-4.845,80.6,13.72,16.69,84.9
"2026-03-02 21:20:00",468,12.76,-4.87,80.6,12.17,14.79,69.42
"2026-03-02 21:21:00",469,12.76,-4.885,80.7,16.11,18.73,81
"2026-03-02 21:22:00",470,12.76,-4.856,79.89,17.24,19.49,78.37
"2026-03-02 21:23:00",471,12.76,-4.825,79.72,14.21,17.99,84
"2026-03-02 21:24:00",472,12.76,-4.805,79.86,15.72,17.23,67.92
"2026-03-02 21:25:00",473,12.76,-4.848,80.6,15.51,17.16,74.73
"2026-03-02 21:26:00",474,12.76,-4.902,80.7,15.38,18.16,80.4
"2026-03-02 21:27:00",475,12.76,-4.879,80.7,14.98,17.96,92
"2026-03-02 21:28:00",476,12.76,-4.862,80.4,16.19,20.76,80.6
"2026-03-02 21:29:00",477,12.76,-4.876,80.9,15.02,16.16,66.21
"2026-03-02 21:30:00",478,12.76,-4.905,80.7,15.05,18.26,82.6
"2026-03-02 21:31:00",479,12.76,-4.885,79.93,15.01,20.43,87.7
"2026-03-02 21:32:00",480,12.76,-4.831,79.69,14.84,17.66,74.99
"2026-03-02 21:33:00",481,12.76,-4.854,79.69,13.28,14.06,73.16
"2026-03-02 21:34:00",482,12.76,-4.862,80.1,16.25,17.29,76.88
"2026-03-02 21:35:00",483,12.76,-4.89,80.1,14.03,16.59,70.48
"2026-03-02 21:36:00",484,12.76,-4.89,80.3,15.03,18.03,74.99
"2026-03-02 21:37:00",485,12.76,-4.871,80.3,15.54,18.96,86.3
"2026-03-02 21:38:00",486,12.76,-4.848,79.76,15.36,16.96,83.7
"2026-03-02 21:39:00",487,12.76,-4.868,79.65,15.27,17.73,73.11
"2026-03-02 21:40:00",488,12.76,-4.89,79.89,16.37,18.36,75.41
"2026-03-02 21:41:00",489,12.76,-4.845,79.25,13.92,15.89,76.39
"2026-03-02 21:42:00",490,12.76,-4.851,79.72,14.06,16.09,71.13
"2026-03-02 21:43:00",491,12.76,-4.896,80.3,16.54,18.23,82.6
"2026-03-02 21:44:00",492,12.76,-4.899,79.96,13.66,14.99,80.9
"2026-03-02 21:45:00",493,12.76,-4.885,79.99,13.04,14.69,58.97
"2026-03-02 21:46:00",494,12.76,-4.896,80.5,16.03,18.23,83.2
"2026-03-02 21:47:00",495,12.76,-4.907,80.7,15.95,17.86,68.5
"2026-03-02 21:48:00",496,12.76,-4.953,80.5,14.16,16.33,59.47
"2026-03-02 21:49:00",497,12.76,-4.936,80.8,11.7,13.96,81.7
"2026-03-02 21:50:00",498,12.76,-4.998,81.1,13.45,17.59,74.95
"2026-03-02 21:51:00",499,12.76,-4.978,80.7,14.46,16.49,80.4
"2026-03-02 21:52:00",500,12.76,-4.956,80.8,15.38,17.73,79.03
"2026-03-02 21:53:00",501,12.76,-4.939,80.9,16.07,17.23,76.56
"2026-03-02 21:54:00",502,12.76,-4.961,80.9,17.17,18.19,78.88
"2026-03-02 21:55:00",503,12.76,-4.953,80.9,15.61,17.09,76.61
"2026-03-02 21:56:00",504,12.76,-4.95,80.7,15.58,18.43,78.3
"2026-03-02 21:57:00",505,12.76,-4.958,81.1,16.85,19.89,72.63
"2026-03-02 21:58:00",506,12.76,-4.944,80.6,17.26,19.96,80
"2026-03-02 21:59:00",507,12.76,-4.941,80.5,15.02,16.53,80
"2026-03-02 22:00:00",508,12.76,-4.964,80,17.15,18.46,72.03
"2026-03-02 22:01:00",509,12.76,-4.941,80.6,15.14,16.93,70.41
"2026-03-02 22:02:00",510,12.76,-4.983,80.9,15.02,18.73,72
"2026-03-02 22:03:00",511,12.76,-5.017,80.5,18,19.93,73.21
"2026-03-02 22:04:00",512,12.76,-4.971,80,16.25,19.23,74.51
"2026-03-02 22:05:00",513,12.76,-5.017,80.5,14.05,17.39,81
"2026-03-02 22:06:00",514,12.76,-5.014,80.7,14.45,17.09,77.46
"2026-03-02 22:07:00",515,12.76,-4.997,80.5,12.86,14.99,71.18
"2026-03-02 22:08:00",516,12.76,-5.068,80.6,14.08,15.59,83.1
"2026-03-02 22:09:00",517,12.76,-5.077,80.7,14.71,15.83,75.74
"2026-03-02 22:10:00",518,12.76,-5.114,80.9,15.97,18.46,80.4
"2026-03-02 22:11:00",519,12.76,-5.069,80.5,14.14,18.89,69.15
"2026-03-02 22:12:00",520,12.76,-5.1,81,12.87,14.93,61.86
"2026-03-02 22:13:00",521,12.76,-5.216,81.9,13.68,15.26,72.58
"2026-03-02 22:14:00",522,12.76,-5.21,81.7,14.59,15.86,82.7
"2026-03-02 22:15:00",523,12.76,-5.148,80.5,12.18,14.73,71.74
"2026-03-02 22:16:00",524,12.76,-5.069,80.2,12.37,14.89,75.45
"2026-03-02 22:17:00",525,12.76,-5.077,81,12.61,16.06,82.5
"2026-03-02 22:18:00",526,12.76,-5.1,81.3,9.23,10.4,60.97
"2026-03-02 22:19:00",527,12.76,-5.204,82.2,10.79,13.06,62.61
"2026-03-02 22:20:00",528,12.76,-5.368,83.4,10.99,12.5,53.71
"2026-03-02 22:21:00",529,12.76,-5.502,84.2,10.73,12.1,50.74
"2026-03-02 22:22:00",530,12.76,-5.561,84.9,12.57,14.46,82.6
"2026-03-02 22:23:00",531,12.76,-5.447,84.2,8.95,11.6,69.98
"2026-03-02 22:24:00",532,12.76,-5.402,83.9,10.91,12.69,61.26
"2026-03-02 22:25:00",533,12.76,-5.436,83.9,10.57,11.96,72.44
"2026-03-02 22:26:00",534,12.76,-5.38,83.6,13.18,18.03,85.6
"2026-03-02 22:27:00",535,12.76,-5.306,83.2,10.51,15.59,73.57
"2026-03-02 22:28:00",536,12.76,-5.251,82.9,10.97,13.59,79.63
"2026-03-02 22:29:00",537,12.76,-5.251,82.7,9.25,11.8,64.33
"2026-03-02 22:30:00",538,12.76,-5.256,83,9.93,12.96,76.88
"2026-03-02 22:31:00",539,12.76,-5.24,82.7,7.278,9.16,69.25
"2026-03-02 22:32:00",540,12.76,-5.333,83.4,9.29,11.03,75.46
"2026-03-02 22:33:00",541,12.76,-5.469,84.4,10.64,14.93,70.7
"2026-03-02 22:34:00",542,12.76,-5.486,84.6,9.67,16.43,67.18
"2026-03-02 22:35:00",543,12.76,-5.549,84.7,13.42,16.23,92
"2026-03-02 22:36:00",544,12.76,-5.435,84,11.75,15.59,81.7
"2026-03-02 22:37:00",545,12.76,-5.342,83.4,14.39,19.49,76.76
"2026-03-02 22:38:00",546,12.76,-5.246,82.4,12.56,18.09,71.91
"2026-03-02 22:39:00",547,12.76,-5.192,81.9,13.99,15.03,88.1
"2026-03-02 22:40:00",548,12.76,-5.139,81.2,15.9,20.06,75.79
"2026-03-02 22:41:00",549,12.76,-5.074,80.9,14.33,16.39,61.53
"2026-03-02 22:42:00",550,12.76,-5.014,79.79,13.04,15.06,68.58
"2026-03-02 22:43:00",551,12.76,-4.993,79.42,16.43,19.99,80.2
"2026-03-02 22:44:00",552,12.76,-4.906,79.28,14.11,18.39,81.9
"2026-03-02 22:45:00",553,12.76,-4.899,79.05,8.27,10.13,81.3
"2026-03-02 22:46:00",554,12.76,-4.916,79.25,13.07,15.49,63.78
"2026-03-02 22:47:00",555,12.76,-4.918,78.88,10.7,13.46,65.18
"2026-03-02 22:48:00",556,12.76,-4.912,79.22,14.67,16.69,61.73
"2026-03-02 22:49:00",557,12.76,-4.932,79.59,16,18.09,79.85
"2026-03-02 22:50:00",558,12.76,-4.998,80,15.53,18.19,70.97
"2026-03-02 22:51:00",559,12.76,-5.033,80.4,14.82,18.06,70.44
"2026-03-02 22:52:00",560,12.76,-5.092,80.5,13.4,15.96,61.41
"2026-03-02 22:53:00",561,12.76,-5.131,80.3,12.89,14.33,60.44
"2026-03-02 22:54:00",562,12.76,-5.122,80.9,17.32,20.69,69.43
"2026-03-02 22:55:00",563,12.76,-5.099,80.8,18.05,20.66,72.54
"2026-03-02 22:56:00",564,12.76,-5.04,80.2,13.42,14.86,65.35
"2026-03-02 22:57:00",565,12.76,-5.091,80.6,12.81,16.66,64
"2026-03-02 22:58:00",566,12.76,-5.122,80.4,13.65,15.23,69.09
"2026-03-02 22:59:00",567,12.76,-5.111,80.6,15.83,18.63,77.7
"2026-03-02 23:00:00",568,12.76,-5.054,79.9,16.34,17.56,75.56
"2026-03-02 23:01:00",569,12.76,-5.014,80,16.95,19.73,90.1
"2026-03-02 23:02:00",570,12.76,-4.997,79.36,16.89,20.33,73.26
"2026-03-02 23:03:00",571,12.76,-4.946,78.85,18.47,20.66,81.1
"2026-03-02 23:04:00",572,12.76,-4.918,78.1,16.01,18.29,77.17
"2026-03-02 23:05:00",573,12.76,-4.915,78.57,16.12,19.86,71.48
"2026-03-02 23:06:00",574,12.76,-4.876,78.27,15.75,20.26,73.36
"2026-03-02 23:07:00",575,12.76,-4.87,78.4,13.71,15.29,69.98
"2026-03-02 23:08:00",576,12.76,-4.898,78.95,15.52,17.46,76.69
"2026-03-02 23:09:00",577,12.76,-4.977,79.36,17.18,20.23,76.65
"2026-03-02 23:10:00",578,12.76,-4.948,79.08,14.81,17.06,76.19
"2026-03-02 23:11:00",579,12.76,-4.96,79.39,13.36,14.46,71.91
"2026-03-02 23:12:00",580,12.76,-5.045,80.2,13.23,14.86,65.15
"2026-03-02 23:13:00",581,12.76,-5.119,80.4,12.95,14.83,67.04
"2026-03-02 23:14:00",582,12.76,-5.269,81.3,11.24,13.39,62.02
"2026-03-02 23:15:00",583,12.76,-5.274,81.6,12.22,14.69,61.32
"2026-03-02 23:16:00",584,12.76,-5.361,82,14.03,16.26,78.05
"2026-03-02 23:17:00",585,12.76,-5.282,81.6,12.93,13.73,61.87
"2026-03-02 23:18:00",586,12.76,-5.273,81.8,14.78,16.69,50.65
"2026-03-02 23:19:00",587,12.76,-5.236,82.2,14.66,17.56,64.94
"2026-03-02 23:20:00",588,12.76,-5.232,81.9,12.45,14.19,58.11
"2026-03-02 23:21:00",589,12.76,-5.178,81.7,14.82,17.46,75
"2026-03-02 23:22:00",590,12.76,-5.186,82.1,15.17,16.73,70.88
"2026-03-02 23:23:00",591,12.76,-5.166,81.9,14.49,15.86,70.39
"2026-03-02 23:24:00",592,12.76,-5.137,81.7,15.77,17.86,71.26
"2026-03-02 23:25:00",593,12.76,-5.047,81,15.7,18.49,70.64
"2026-03-02 23:26:00",594,12.76,-5.007,80.8,14.97,16.43,60.33
"2026-03-02 23:27:00",595,12.76,-5.036,81.3,14.44,16.49,71.87
"2026-03-02 23:28:00",596,12.76,-5.072,81.5,16.02,17.99,64.46
"2026-03-02 23:29:00",597,12.76,-5.021,81.4,16.93,18.19,62.21
"2026-03-02 23:30:00",598,12.76,-5.056,81.5,17.06,19.23,74.38
"2026-03-02 23:31:00",599,12.76,-4.991,80.8,16.03,17.89,67.13
"2026-03-02 23:32:00",600,12.76,-4.996,81.1,16.02,17.56,69.91
"2026-03-02 23:33:00",601,12.76,-5.021,81.2,15.28,17.23,71.46
"2026-03-02 23:34:00",602,12.76,-5.05,81.3,14.54,15.76,82
"2026-03-02 23:35:00",603,12.76,-5.048,81.5,16.6,19.09,83.5
"2026-03-02 23:36:00",604,12.76,-5.022,81.2,15.06,17.63,67.47
"2026-03-02 23:37:00",605,12.76,-5.033,81.4,14.2,15.66,77.15
"2026-03-02 23:38:00",606,12.76,-5.075,81.5,15.75,17.76,64.12
"2026-03-02 23:39:00",607,12.76,-5.035,81.4,15.26,16.56,72.86
"2026-03-02 23:40:00",608,12.76,-5.049,81.1,15.28,17.49,74.48
"2026-03-02 23:41:00",609,12.76,-5.061,81.4,15.45,16.89,65.88
"2026-03-02 23:42:00",610,12.76,-5.101,81.7,13.36,15.33,66.65
"2026-03-02 23:43:00",611,12.76,-5.228,82.1,11.56,12.66,64.84
"2026-03-02 23:44:00",612,12.76,-5.239,82.2,13.89,15.63,63.61
"2026-03-02 23:45:00",613,12.76,-5.151,81.7,14.09,15.93,67.45
"2026-03-02 23:46:00",614,12.76,-5.091,81.6,13.14,14.59,57.7
"2026-03-02 23:47:00",615,12.76,-5.077,81.5,14.61,15.79,72.98
"2026-03-02 23:48:00",616,12.76,-5.072,81.8,15.74,16.89,56.68
"2026-03-02 23:49:00",617,12.76,-5.058,81.7,14.34,15.59,70.71
"2026-03-02 23:50:00",618,12.76,-5.084,81.7,12.22,14.53,62.28
"2026-03-02 23:51:00",619,12.76,-5.047,81.3,12.84,15.16,47.8
"2026-03-02 23:52:00",620,12.76,-5.124,81.7,10.94,13.96,52.84
"2026-03-02 23:53:00",621,12.76,-5.308,83.1,11.48,12.86,48.81
"2026-03-02 23:54:00",622,12.76,-5.412,83.5,10.89,12.66,43.84
"2026-03-02 23:55:00",623,12.76,-5.466,83.9,9.85,11.23,35.97
"2026-03-02 23:56:00",624,12.76,-5.539,84.5,10.73,12.5,61.75
"2026-03-02 23:57:00",625,12.76,-5.517,84.6,9.24,10.3,43.62
"2026-03-02 23:58:00",626,12.76,-5.551,84.6,8.99,10.16,37.9
"2026-03-02 23:59:00",627,12.76,-5.627,85,8.14,9.83,36.67
"2026-03-03 00:00:00",628,12.76,-5.709,85.2,9.58,11.2,48.62
"2026-03-03 00:01:00",629,12.76,-5.709,85.5,10.61,13.19,57
"2026-03-03 00:02:00",630,12.76,-5.585,85.1,11.06,13.99,57.91
"2026-03-03 00:03:00",631,12.76,-5.446,84.7,11.47,13.49,51.44
"2026-03-03 00:04:00",632,12.76,-5.318,84,10.24,12.26,53.11
"2026-03-03 00:05:00",633,12.76,-5.338,83.8,10.57,12.36,44.59
"2026-03-03 00:06:00",634,12.76,-5.38,83.7,9.06,11.1,23.9
"2026-03-03 00:07:00",635,12.76,-5.542,83.8,7.353,8.43,46.04
"2026-03-03 00:08:00",636,12.76,-5.636,84.8,8.19,9.56,46.74
"2026-03-03 00:09:00",637,12.76,-5.653,85.3,8.56,9.93,46.38
"2026-03-03 00:10:00",638,12.76,-5.624,85.5,7.369,9.56,56.76
"2026-03-03 00:11:00",639,12.76,-5.618,85.6,8.57,9.5,47.63
"2026-03-03 00:12:00",640,12.76,-5.683,85.9,8.7,9.36,48.16
"2026-03-03 00:13:00",641,12.76,-5.636,86.1,7.1,10.16,48.36
"2026-03-03 00:14:00",642,12.76,-5.618,85.9,8.01,8.93,33.56
"2026-03-03 00:15:00",643,12.76,-5.655,86.2,7.75,10.26,59.46
"2026-03-03 00:16:00",644,12.76,-5.508,85.9,12.39,13.86,62.79
"2026-03-03 00:17:00",645,12.76,-5.318,84.8,10.77,13.09,60.67
"2026-03-03 00:18:00",646,12.76,-5.326,84.2,10.2,11.06,38.51
"2026-03-03 00:19:00",647,12.76,-5.341,84.4,10.29,11.43,51.64
"2026-03-03 00:20:00",648,12.76,-5.299,84.3,10.55,13.66,51.42
"2026-03-03 00:21:00",649,12.76,-5.182,83.6,11.8,13.69,63.54
"2026-03-03 00:22:00",650,12.76,-5.057,83.3,13.22,15.16,64.87
"2026-03-03 00:23:00",651,12.76,-5.012,82.9,11.65,13.19,44.06
"2026-03-03 00:24:00",652,12.76,-5.108,83.1,12.26,14.06,64.94
"2026-03-03 00:25:00",653,12.76,-5.037,82.9,14.39,15.83,68.13
"2026-03-03 00:26:00",654,12.76,-4.879,81.8,12.17,14.56,65.74
"2026-03-03 00:27:00",655,12.76,-4.803,81.3,10.25,14.53,51.4
"2026-03-03 00:28:00",656,12.76,-4.819,80.8,10.65,14.46,55.62
"2026-03-03 00:29:00",657,12.76,-4.876,81,12.93,17.83,54.39
"2026-03-03 00:30:00",658,12.76,-4.816,80.6,15.01,18.49,62.14
"2026-03-03 00:31:00",659,12.76,-4.74,80.2,15.54,18.56,59.05
"2026-03-03 00:32:00",660,12.76,-4.717,80.3,13.86,19.29,79.45
"2026-03-03 00:33:00",661,12.76,-4.678,80.1,13.12,14.33,63.44
"2026-03-03 00:34:00",662,12.76,-4.748,80.6,13.43,15.86,74.36
"2026-03-03 00:35:00",663,12.76,-4.768,80.7,13.85,15.59,46.09
"2026-03-03 00:36:00",664,12.75,-4.771,80.6,11.81,13.19,62.91
"2026-03-03 00:37:00",665,12.76,-4.791,80.8,13.39,16.23,68.9
"2026-03-03 00:38:00",666,12.76,-4.799,80.9,10.6,13.03,59.75
"2026-03-03 00:39:00",667,12.76,-4.819,81.2,12.62,18.89,59.03
"2026-03-03 00:40:00",668,12.76,-4.66,80.1,13.48,18.46,60.23
"2026-03-03 00:41:00",669,12.75,-4.522,78.58,15.48,20.33,80
"2026-03-03 00:42:00",670,12.76,-4.434,78.41,16.07,20.73,64.27
"2026-03-03 00:43:00",671,12.76,-4.428,78.95,13.64,17.56,69.41
"2026-03-03 00:44:00",672,12.76,-4.479,79.26,12.65,15.66,55.43
"2026-03-03 00:45:00",673,12.76,-4.485,79.33,14.68,17.16,56.52
"2026-03-03 00:46:00",674,12.76,-4.499,79.36,10.82,12.73,74.89
"2026-03-03 00:47:00",675,12.76,-4.547,79.46,12,16.69,60.43
"2026-03-03 00:48:00",676,12.76,-4.536,79.67,13.48,15.39,59.8
"2026-03-03 00:49:00",677,12.76,-4.579,79.84,12.27,13.39,60.86
"2026-03-03 00:50:00",678,12.76,-4.55,79.63,12.31,16.86,58.42
"2026-03-03 00:51:00",679,12.76,-4.562,79.63,12.64,14.73,71.19
"2026-03-03 00:52:00",680,12.76,-4.615,79.84,11.63,14.36,72.52
"2026-03-03 00:53:00",681,12.76,-4.612,80,12.44,14.89,60.91
"2026-03-03 00:54:00",682,12.76,-4.624,80.3,12.87,15.09,76.99
"2026-03-03 00:55:00",683,12.76,-4.601,79.97,13.74,15.43,69.26
"2026-03-03 00:56:00",684,12.76,-4.618,80.3,13.2,18.16,68.78
"2026-03-03 00:57:00",685,12.76,-4.615,80.2,14.67,16.69,67.79
"2026-03-03 00:58:00",686,12.76,-4.629,80.3,14.27,16.56,76.48
"2026-03-03 00:59:00",687,12.76,-4.57,80.2,14.13,15.09,63.01
"2026-03-03 01:00:00",688,12.76,-4.598,80.4,13.86,15.49,83.2
"2026-03-03 01:01:00",689,12.76,-4.663,80.8,10.42,12.4,59.85
"2026-03-03 01:02:00",690,12.76,-4.655,80.7,13.15,15.09,66.92
"2026-03-03 01:03:00",691,12.76,-4.59,80.5,14.73,18.66,90.5
"2026-03-03 01:04:00",692,12.76,-4.564,80.1,8.94,11.76,65.76
"2026-03-03 01:05:00",693,12.76,-4.554,80.4,11.31,15.73,56.66
"2026-03-03 01:06:00",694,12.76,-4.574,80.8,9.04,11.1,45.39
"2026-03-03 01:07:00",695,12.76,-4.611,81.1,13.07,16.46,60.98
"2026-03-03 01:08:00",696,12.76,-4.6,81.2,14.04,16.29,58.1
"2026-03-03 01:09:00",697,12.76,-4.597,81.1,14.68,18.03,68.49
"2026-03-03 01:10:00",698,12.76,-4.569,80.9,12.41,14.29,56.25
"2026-03-03 01:11:00",699,12.76,-4.575,81,13.14,14.59,55.96
"2026-03-03 01:12:00",700,12.76,-4.563,81,14.01,17.69,67.42
"2026-03-03 01:13:00",701,12.76,-4.545,81.1,13.24,14.23,57.74
"2026-03-03 01:14:00",702,12.76,-4.554,80.7,13.6,17.46,62.02
"2026-03-03 01:15:00",703,12.76,-4.546,81,14.44,16.59,61.92
"2026-03-03 01:16:00",704,12.76,-4.535,81,12.59,16.36,51.56
"2026-03-03 01:17:00",705,12.76,-4.532,81.1,15.19,21.26,75.49
"2026-03-03 01:18:00",706,12.76,-4.507,80.4,11.94,16.13,61.61
"2026-03-03 01:19:00",707,12.76,-4.475,80.4,12.48,17.16,45.24
"2026-03-03 01:20:00",708,12.76,-4.484,80.3,12.99,17.66,41.06
"2026-03-03 01:21:00",709,12.76,-4.472,81,14.5,17.53,44.32
"2026-03-03 01:22:00",710,12.76,-4.513,81.1,14.87,18.09,60.85
"2026-03-03 01:23:00",711,12.76,-4.527,81.5,16.42,18.36,53.2
"2026-03-03 01:24:00",712,12.76,-4.552,81.6,13.98,20.43,48.95
"2026-03-03 01:25:00",713,12.76,-4.551,81.7,14.79,20.46,58.66
"2026-03-03 01:26:00",714,12.76,-4.568,81.5,15.26,19.56,64.74
"2026-03-03 01:27:00",715,12.76,-4.54,81.4,14.06,18.29,58.92
"2026-03-03 01:28:00",716,12.76,-4.562,81.5,10.77,15.66,50.72
"2026-03-03 01:29:00",717,12.76,-4.591,82.1,15.22,21.72,66.53
"2026-03-03 01:30:00",718,12.76,-4.582,81.8,10.38,14.73,51.58
"2026-03-03 01:31:00",719,12.76,-4.599,82.2,14.07,17.43,45.77
"2026-03-03 01:32:00",720,12.76,-4.616,82.2,14.67,18.43,49.68
"2026-03-03 01:33:00",721,12.76,-4.608,82.3,13.53,16.69,62.66
"2026-03-03 01:34:00",722,12.76,-4.602,82.1,11.66,16.86,57.98
"2026-03-03 01:35:00",723,12.76,-4.619,82.4,13.19,16.76,69.83
"2026-03-03 01:36:00",724,12.76,-4.642,82.6,13.27,16.66,56.92
"2026-03-03 01:37:00",725,12.76,-4.656,83,12.01,13.33,58.37
"2026-03-03 01:38:00",726,12.76,-4.676,82.8,12.67,15.89,61.17
"2026-03-03 01:39:00",727,12.76,-4.628,82.3,13.8,16.86,54.22
"2026-03-03 01:40:00",728,12.76,-4.571,82.1,14.04,16.29,48.69
"2026-03-03 01:41:00",729,12.76,-4.591,82.3,11.8,15.06,46.37
"2026-03-03 01:42:00",730,12.76,-4.589,82.6,12.78,15.03,55.93
"2026-03-03 01:43:00",731,12.76,-4.603,82.5,12.46,14.29,64.16
"2026-03-03 01:44:00",732,12.76,-4.606,82.8,11.83,14.69,55.71
"2026-03-03 01:45:00",733,12.76,-4.643,83.2,11.85,13.43,58.51
"2026-03-03 01:46:00",734,12.76,-4.68,83.5,14.26,16.66,68.65
"2026-03-03 01:47:00",735,12.76,-4.713,83.8,12.75,14.49,43.98
"2026-03-03 01:48:00",736,12.76,-4.745,84.2,10.49,11.5,59.91
"2026-03-03 01:49:00",737,12.76,-4.784,84.7,10.85,12.23,55.66
"2026-03-03 01:50:00",738,12.76,-4.816,84.8,12.56,14.86,69.03
"2026-03-03 01:51:00",739,12.76,-4.785,84.7,14.16,15.93,69.42
"2026-03-03 01:52:00",740,12.76,-4.768,84.6,13.3,14.96,70.07
"2026-03-03 01:53:00",741,12.76,-4.768,84.7,11.99,13.83,71.59
"2026-03-03 01:54:00",742,12.76,-4.768,84.8,14.53,17.26,62.15
"2026-03-03 01:55:00",743,12.76,-4.76,85,12.64,14.46,62.35
"2026-03-03 01:56:00",744,12.76,-4.799,85.2,14.74,18.59,68.45
"2026-03-03 01:57:00",745,12.76,-4.788,85.2,16.21,17.89,56.46
"2026-03-03 01:58:00",746,12.76,-4.783,85.3,15.44,17.03,76.52
"2026-03-03 01:59:00",747,12.76,-4.746,84.8,12.88,15.76,75.94
"2026-03-03 02:00:00",748,12.76,-4.734,84.6,14.08,17.36,79.32
"2026-03-03 02:01:00",749,12.76,-4.734,84.2,13.31,15.43,79.53
"2026-03-03 02:02:00",750,12.76,-4.709,83.9,13.64,16.46,80.9
"2026-03-03 02:03:00",751,12.76,-4.675,83.7,11.43,14.36,68.36
"2026-03-03 02:04:00",752,12.76,-4.695,83.9,11.38,13.43,70.92
"2026-03-03 02:05:00",753,12.76,-4.732,84.2,12.67,15.03,67.51
"2026-03-03 02:06:00",754,12.76,-4.776,84.6,13.15,13.86,65.34
"2026-03-03 02:07:00",755,12.76,-4.771,84.8,13.48,15.33,65.53
"2026-03-03 02:08:00",756,12.76,-4.799,84.7,15.76,17.53,73.64
"2026-03-03 02:09:00",757,12.76,-4.763,84.2,16.43,19.53,71.18
"2026-03-03 02:10:00",758,12.76,-4.723,84,12.67,14.56,74.39
"2026-03-03 02:11:00",759,12.76,-4.726,83.8,13.23,15.13,66.47
"2026-03-03 02:12:00",760,12.76,-4.709,83.5,13.63,17.33,68.43
"2026-03-03 02:13:00",761,12.76,-4.689,83.3,12.42,16.49,72.94
"2026-03-03 02:14:00",762,12.76,-4.718,83.3,10.51,12.46,58.77
"2026-03-03 02:15:00",763,12.76,-4.726,83.4,13.11,16.23,75.62
"2026-03-03 02:16:00",764,12.76,-4.74,83.4,12.67,16.39,73.72
"2026-03-03 02:17:00",765,12.76,-4.703,82.7,16.63,20.39,58.8
"2026-03-03 02:18:00",766,12.76,-4.635,82.3,14.62,16.69,73.31
"2026-03-03 02:19:00",767,12.76,-4.644,82.6,13.18,19.43,56.87
"2026-03-03 02:20:00",768,12.76,-4.633,81.9,14.77,17.86,55.42
"2026-03-03 02:21:00",769,12.76,-4.59,81.7,16.25,19.59,66.16
"2026-03-03 02:22:00",770,12.76,-4.553,81.6,13.18,15.73,81.1
"2026-03-03 02:23:00",771,12.76,-4.584,81.7,11.68,12.69,58.51
"2026-03-03 02:24:00",772,12.76,-4.633,82.4,13.77,16.23,59.33
"2026-03-03 02:25:00",773,12.76,-4.681,82.5,14.8,17.86,56.05
"2026-03-03 02:26:00",774,12.76,-4.695,83,12.37,14.26,51.41
"2026-03-03 02:27:00",775,12.76,-4.732,83,12.3,14.53,60.08
"2026-03-03 02:28:00",776,12.76,-4.749,83.2,11.04,12.2,55.23
"2026-03-03 02:29:00",777,12.76,-4.729,82.6,11.46,12.89,50.52
"2026-03-03 02:30:00",778,12.76,-4.732,82.7,10.06,14.06,45.93
"2026-03-03 02:31:00",779,12.76,-4.706,82.3,12.55,14.39,43.25
"2026-03-03 02:32:00",780,12.76,-4.684,82.1,12.52,14.93,49.17
"2026-03-03 02:33:00",781,12.76,-4.689,82,14.27,15.96,41.56
"2026-03-03 02:34:00",782,12.76,-4.686,82.2,15.92,25.92,70.89
"2026-03-03 02:35:00",783,12.76,-4.644,81.5,12.49,18.26,57.71
"2026-03-03 02:36:00",784,12.76,-4.601,81.6,12.86,18.03,29.21
"2026-03-03 02:37:00",785,12.76,-4.604,81.4,14.57,21.39,48.49
"2026-03-03 02:38:00",786,12.76,-4.618,81.5,15.54,18.36,40.55
"2026-03-03 02:39:00",787,12.76,-4.647,81.9,13.7,19.86,34.28
"2026-03-03 02:40:00",788,12.76,-4.655,81.7,13.12,15.79,49.12
"2026-03-03 02:41:00",789,12.76,-4.607,81.5,12.01,19.03,51.03
"2026-03-03 02:42:00",790,12.76,-4.596,81.2,11.29,18.13,31.74
"2026-03-03 02:43:00",791,12.76,-4.635,81.8,11.46,13.69,32.54
"2026-03-03 02:44:00",792,12.76,-4.635,81.7,12.66,15.86,32.95
"2026-03-03 02:45:00",793,12.76,-4.664,81.9,13.69,17.49,35.94
"2026-03-03 02:46:00",794,12.76,-4.644,81.5,16.47,22.99,48.13
"2026-03-03 02:47:00",795,12.76,-4.573,80.7,5.837,10.13,143.9
"2026-03-03 02:48:00",796,12.76,-4.548,80.7,7.755,19.53,56.99
"2026-03-03 02:49:00",797,12.76,-4.556,81.1,9.64,11.5,25.05
"2026-03-03 02:50:00",798,12.76,-4.601,81.2,13.72,24.49,52.06
"2026-03-03 02:51:00",799,12.76,-4.559,80.7,8.54,18.16,61.26
"2026-03-03 02:52:00",800,12.76,-4.57,80.9,13.47,18.23,51.75
"2026-03-03 02:53:00",801,12.76,-4.607,81.1,13.28,20.39,38.28
"2026-03-03 02:54:00",802,12.76,-4.596,81.1,10.53,15.46,44.07
"2026-03-03 02:55:00",803,12.76,-4.596,81.3,14.74,17.53,51.87
"2026-03-03 02:56:00",804,12.76,-4.63,81.5,12.66,18.63,43.95
"2026-03-03 02:57:00",805,12.76,-4.616,81.3,12.06,18.29,64.5
"2026-03-03 02:58:00",806,12.76,-4.599,81.2,15.53,18.16,50.79
"2026-03-03 02:59:00",807,12.76,-4.618,81.1,11.69,13.59,45.04
"2026-03-03 03:00:00",808,12.76,-4.61,80.9,13.85,20.26,50.79
"2026-03-03 03:01:00",809,12.76,-4.587,80.9,10.92,14.33,50.62
"2026-03-03 03:02:00",810,12.76,-4.63,81.2,13.75,19.76,76.15
"2026-03-03 03:03:00",811,12.76,-4.616,80.7,14.47,24.12,52.88
"2026-03-03 03:04:00",812,12.76,-4.579,80.7,9.39,14.83,66.55
"2026-03-03 03:05:00",813,12.76,-4.607,80.8,11.58,18.13,54.45
"2026-03-03 03:06:00",814,12.76,-4.567,80.5,14.11,20.03,74.05
"2026-03-03 03:07:00",815,12.76,-4.556,80.7,14.49,17.69,57.66
"2026-03-03 03:08:00",816,12.76,-4.601,81.1,11.1,14.96,66.52
"2026-03-03 03:09:00",817,12.76,-4.641,81.3,9.42,12.83,57.66
"2026-03-03 03:10:00",818,12.76,-4.61,81,4.165,6.764,38.93
"2026-03-03 03:11:00",819,12.76,-4.618,81.3,11.47,15.89,43.66
"2026-03-03 03:12:00",820,12.76,-4.633,81.3,10.59,12.63,43.06
"2026-03-03 03:13:00",821,12.76,-4.621,80.9,13.68,23.86,59.4
"2026-03-03 03:14:00",822,12.76,-4.601,80.8,8.6,14.09,47.57
"2026-03-03 03:15:00",823,12.76,-4.618,81.1,10.01,14.56,34.61
"2026-03-03 03:16:00",824,12.76,-4.621,81.1,12.66,20.29,80.5
"2026-03-03 03:17:00",825,12.76,-4.63,81.2,12.43,17.59,81.4
"2026-03-03 03:18:00",826,12.76,-4.624,81.1,7.747,10.26,53.9
"2026-03-03 03:19:00",827,12.76,-4.661,81.7,8.61,11.46,51.1
"2026-03-03 03:20:00",828,12.76,-4.692,82,9.66,12.46,57.57
"2026-03-03 03:21:00",829,12.76,-4.709,82,11.71,16.03,40.89
"2026-03-03 03:22:00",830,12.76,-4.689,81.7,12.62,17.73,55.11
"2026-03-03 03:23:00",831,12.76,-4.624,80.6,11.15,19.96,42.89
"2026-03-03 03:24:00",832,12.76,-4.616,81,12.16,16.86,72.7
"2026-03-03 03:25:00",833,12.76,-4.627,80.9,11.03,17.16,55.68
"2026-03-03 03:26:00",834,12.76,-4.607,81.1,11.97,15.49,55.88
"2026-03-03 03:27:00",835,12.76,-4.641,81.2,9.35,11.73,56.43
"2026-03-03 03:28:00",836,12.76,-4.664,81.3,10.87,15.53,44.03
"2026-03-03 03:29:00",837,12.76,-4.684,81.8,12.98,14.83,51.17
"2026-03-03 03:30:00",838,12.76,-4.695,81.8,12.28,15.06,35.6
"2026-03-03 03:31:00",839,12.76,-4.712,82.2,10.89,14.26,39.15
"2026-03-03 03:32:00",840,12.76,-4.743,82.1,13.08,16.69,54.98
"2026-03-03 03:33:00",841,12.76,-4.698,81.9,14.81,20.29,67.97
"2026-03-03 03:34:00",842,12.76,-4.686,81.5,11.51,17.13,54.5
"2026-03-03 03:35:00",843,12.76,-4.652,81.3,10.71,14.26,40.57
"2026-03-03 03:36:00",844,12.76,-4.644,81.7,12.41,17.13,33.65
"2026-03-03 03:37:00",845,12.76,-4.664,81.8,12.56,15.09,43.11
"2026-03-03 03:38:00",846,12.76,-4.692,82.3,15.29,20.46,64.59
"2026-03-03 03:39:00",847,12.76,-4.689,81.9,13.57,20.13,45.57
"2026-03-03 03:40:00",848,12.76,-4.658,81.8,12.85,17.26,72
"2026-03-03 03:41:00",849,12.76,-4.672,81.7,12.32,13.99,57.52
"2026-03-03 03:42:00",850,12.76,-4.672,81.9,11.81,14.79,71.52
"2026-03-03 03:43:00",851,12.76,-4.658,81.7,7.519,10.2,35.89
"2026-03-03 03:44:00",852,12.76,-4.701,82,15.62,23.36,82
"2026-03-03 03:45:00",853,12.76,-4.661,81.5,9.12,11.26,52.02
"2026-03-03 03:46:00",854,12.76,-4.672,81.6,15.48,24.52,38.93
"2026-03-03 03:47:00",855,12.76,-4.621,80.9,8.7,14.69,50.33
"2026-03-03 03:48:00",856,12.76,-4.573,81.1,9.84,13.39,42.02
"2026-03-03 03:49:00",857,12.76,-4.65,81.6,13.19,16.19,58.15
"2026-03-03 03:50:00",858,12.76,-4.661,81.9,14.54,19.33,67.01
"2026-03-03 03:51:00",859,12.76,-4.684,81.5,12.49,18.63,47.29
"2026-03-03 03:52:00",860,12.76,-4.667,81.4,14.6,18.86,50.04
"2026-03-03 03:53:00",861,12.76,-4.652,81.7,14.83,16.89,60.3
"2026-03-03 03:54:00",862,12.76,-4.627,81.1,12.94,22.99,67.56
"2026-03-03 03:55:00",863,12.76,-4.601,81.3,12.85,19.46,55.32
"2026-03-03 03:56:00",864,12.76,-4.63,81.3,13.41,19.93,46.61
"2026-03-03 03:57:00",865,12.76,-4.655,81.8,13.96,17.49,65.75
"2026-03-03 03:58:00",866,12.76,-4.698,82,13.17,15.83,50.18
"2026-03-03 03:59:00",867,12.76,-4.709,82.3,11.99,13.33,48.06
"2026-03-03 04:00:00",868,12.76,-4.735,82.4,15.4,19.29,64.08
"2026-03-03 04:01:00",869,12.76,-4.746,82.1,12.33,13.53,54.96
"2026-03-03 04:02:00",870,12.76,-4.794,82.7,12.48,13.89,55.95
"2026-03-03 04:03:00",871,12.76,-4.822,82.8,10.75,12.69,23.9
"2026-03-03 04:04:00",872,12.76,-4.837,82.9,14.32,19.83,53.71
"2026-03-03 04:05:00",873,12.76,-4.749,82,17.42,21.36,50.21
"2026-03-03 04:06:00",874,12.76,-4.647,81,11.96,15.43,42.02
"2026-03-03 04:07:00",875,12.76,-4.618,81.1,11.81,16.36,50.37
"2026-03-03 04:08:00",876,12.76,-4.672,81.6,13.86,15.43,36.42
"2026-03-03 04:09:00",877,12.76,-4.675,81.7,14.72,18.29,58.53
"2026-03-03 04:10:00",878,12.76,-4.695,81.6,12.84,19.93,51.46
"2026-03-03 04:11:00",879,12.76,-4.706,81.7,15.37,23.49,46.08
"2026-03-03 04:12:00",880,12.76,-4.712,81.8,17.55,21.72,50.54
"2026-03-03 04:13:00",881,12.76,-4.735,82.1,12.42,17.29,40.57
"2026-03-03 04:14:00",882,12.76,-4.735,81.9,15.08,23.09,35.29
"2026-03-03 04:15:00",883,12.76,-4.681,81.5,12.5,21.76,53.49
"2026-03-03 04:16:00",884,12.76,-4.652,81.5,15.58,18.16,46.13
"2026-03-03 04:17:00",885,12.76,-4.664,81.5,13.07,17.83,38.98
"2026-03-03 04:18:00",886,12.76,-4.712,81.9,14.13,20.16,36.93
"2026-03-03 04:19:00",887,12.76,-4.74,82.1,14.88,18.89,35.77
"2026-03-03 04:20:00",888,12.76,-4.735,82.3,14.72,17.69,49.89
"2026-03-03 04:21:00",889,12.76,-4.757,82.2,12.06,19.76,48.71
"2026-03-03 04:22:00",890,12.76,-4.766,81.9,13.33,16.39,43.95
"2026-03-03 04:23:00",891,12.76,-4.698,81,16.39,22.86,47.94
"2026-03-03 04:24:00",892,12.76,-4.616,80.4,10.17,14.19,31.23
"2026-03-03 04:25:00",893,12.76,-4.647,80.9,15.56,24.49,51.44
"2026-03-03 04:26:00",894,12.76,-4.647,81.1,17.36,20.06,61.77
"2026-03-03 04:27:00",895,12.76,-4.624,79.82,13.88,22.66,149.6
"2026-03-03 04:28:00",896,12.76,-4.451,78.7,3.165,6.131,37.61
"2026-03-03 04:29:00",897,12.76,-4.491,79.62,12.38,15.79,16.49
"2026-03-03 04:30:00",898,12.76,-4.533,79.55,17.5,27.36,5.986
"2026-03-03 04:31:00",899,12.76,-4.46,79.14,10.85,16.89,59.93
"2026-03-03 04:32:00",900,12.76,-4.494,79.65,13.19,16.79,37.68
"2026-03-03 04:33:00",901,12.76,-4.536,79.52,16,19.73,104.1
"2026-03-03 04:34:00",902,12.76,-4.454,78.94,9.13,13.06,47.91
"2026-03-03 04:35:00",903,12.76,-4.548,79.76,12.54,14.76,32.88
"2026-03-03 04:36:00",904,12.76,-4.638,80.4,14.81,16.76,56
"2026-03-03 04:37:00",905,12.76,-4.601,79.96,10.25,15.56,26.5
"2026-03-03 04:38:00",906,12.76,-4.686,80.1,11.32,14.33,38.19
"2026-03-03 04:39:00",907,12.76,-4.59,78.94,13.68,22.66,42.22
"2026-03-03 04:40:00",908,12.76,-4.536,79.35,11.63,16.29,57.57
"2026-03-03 04:41:00",909,12.76,-4.562,78.94,13.24,18.13,40.7
"2026-03-03 04:42:00",910,12.76,-4.482,78.4,12.66,16.23,7.869
"2026-03-03 04:43:00",911,12.76,-4.443,77.99,10.26,15.79,33.16
"2026-03-03 04:44:00",912,12.76,-4.414,77.75,18.81,21.89,61.6
"2026-03-03 04:45:00",913,12.76,-4.344,77.34,14.28,18.49,33.12
"2026-03-03 04:46:00",914,12.76,-4.344,77.58,12.25,14.56,20.73
"2026-03-03 04:47:00",915,12.76,-4.488,78.67,11.05,13.16,37.34
"2026-03-03 04:48:00",916,12.76,-4.565,77.99,18.21,22.49,71.98
"2026-03-03 04:49:00",917,12.76,-4.312,75.47,9.33,20.49,0.338
"2026-03-03 04:50:00",918,12.76,-4.123,73.94,6.847,11.03,17.43
"2026-03-03 04:51:00",919,12.76,-4.256,76.97,13.18,17.79,34.13
"2026-03-03 04:52:00",920,12.76,-4.378,77.58,15.79,19.39,71.74
"2026-03-03 04:53:00",921,12.76,-4.426,78.23,14.46,17.99,23.29
"2026-03-03 04:54:00",922,12.76,-4.522,78.6,14.58,18.43,20.3
"2026-03-03 04:55:00",923,12.76,-4.403,76.8,12.83,17.53,51.39
"2026-03-03 04:56:00",924,12.76,-4.355,78.09,14.57,17.66,28.63
"2026-03-03 04:57:00",925,12.76,-4.465,77.99,15.95,20.36,54.57
"2026-03-03 04:58:00",926,12.76,-4.423,77.48,17.51,24.29,52.33
"2026-03-03 04:59:00",927,12.76,-4.519,79.25,19.88,25.76,32.18
"2026-03-03 05:00:00",928,12.76,-4.542,77.65,14.28,18.99,40
"2026-03-03 05:01:00",929,12.76,-4.298,74.93,10.76,16.99,57.5
"2026-03-03 05:02:00",930,12.76,-4.188,75.71,12.39,21.46,49.77
"2026-03-03 05:03:00",931,12.76,-4.162,75.98,16.5,25.36,45.64
"2026-03-03 05:04:00",932,12.76,-4.174,76.08,14.6,24.12,28.92
"2026-03-03 05:05:00",933,12.76,-4.233,76.39,15.15,19.96,32.63
"2026-03-03 05:06:00",934,12.76,-4.21,75.06,10.32,14.23,49.02
"2026-03-03 05:07:00",935,12.76,-4.14,76.39,10.56,13.83,47.09
"2026-03-03 05:08:00",936,12.76,-4.278,77.85,11.42,13.49,33.02
"2026-03-03 05:09:00",937,12.76,-4.397,78.36,12.26,14.23,60.25
"2026-03-03 05:10:00",938,12.76,-4.474,79.21,12.3,15.59,42.72
"2026-03-03 05:11:00",939,12.76,-4.533,79.42,10.59,13.83,54.77
"2026-03-03 05:12:00",940,12.76,-4.635,80.1,14.52,20.13,71.16
"2026-03-03 05:13:00",941,12.76,-4.55,79.21,10.27,17.73,50.88
"2026-03-03 05:14:00",942,12.76,-4.536,80,9.23,11.16,41.97
"2026-03-03 05:15:00",943,12.76,-4.655,80.6,11.26,14.39,43.83
"2026-03-03 05:16:00",944,12.76,-4.601,80.9,11.41,15.23,56.38
"2026-03-03 05:17:00",945,12.76,-4.698,81.5,12.05,15.39,55.83
"2026-03-03 05:18:00",946,12.76,-4.737,82.2,11.89,14.66,40.33
"2026-03-03 05:19:00",947,12.76,-4.771,82.4,10.15,11.76,52.02
"2026-03-03 05:20:00",948,12.76,-4.825,82.8,10.18,13.69,70.12
"2026-03-03 05:21:00",949,12.76,-4.771,82.8,9.23,13.79,40.31
"2026-03-03 05:22:00",950,12.76,-4.788,82.8,9.02,11.86,27.15
"2026-03-03 05:23:00",951,12.76,-4.828,83.3,10.12,14.76,57.11
"2026-03-03 05:24:00",952,12.76,-4.814,83.1,9.51,12.96,64.59
"2026-03-03 05:25:00",953,12.76,-4.74,82.8,10.01,11.93,49.02
"2026-03-03 05:26:00",954,12.76,-4.746,82.6,12.11,15.96,58.24
"2026-03-03 05:27:00",955,12.76,-4.735,82.8,10.36,12.03,56.12
"2026-03-03 05:28:00",956,12.76,-4.743,82.9,8.31,13.73,73.64
"2026-03-03 05:29:00",957,12.76,-4.718,82.7,9.59,11.96,49.96
"2026-03-03 05:30:00",958,12.76,-4.718,82.7,12.54,14.26,61.53
"2026-03-03 05:31:00",959,12.76,-4.715,82.9,11.81,13.03,67.32
"2026-03-03 05:32:00",960,12.76,-4.752,83.2,10.66,17.39,53.05
"2026-03-03 05:33:00",961,12.76,-4.777,83.2,13.28,18.23,62.54
"2026-03-03 05:34:00",962,12.76,-4.769,83.1,8.67,10.76,56.67
"2026-03-03 05:35:00",963,12.76,-4.72,82.7,7.755,9.83,56.41
"2026-03-03 05:36:00",964,12.76,-4.718,82.6,9.12,11.8,64.62
"2026-03-03 05:37:00",965,12.76,-4.732,82.9,12.4,14.63,60.87
"2026-03-03 05:38:00",966,12.76,-4.709,82.2,13.05,19.93,19.58
"2026-03-03 05:39:00",967,12.76,-4.618,81.7,7.247,10.16,53.46
"2026-03-03 05:40:00",968,12.76,-4.616,81.8,11.89,14.53,73.79
"2026-03-03 05:41:00",969,12.76,-4.618,81.6,10.26,17.63,67.75
"2026-03-03 05:42:00",970,12.76,-4.596,81.7,8.08,12,57.91
"2026-03-03 05:43:00",971,12.76,-4.61,81.9,10.83,13.73,59.02
"2026-03-03 05:44:00",972,12.76,-4.63,81.9,12.15,16.73,60.15
"2026-03-03 05:45:00",973,12.76,-4.613,81.8,11.48,16.96,31.48
"2026-03-03 05:46:00",974,12.76,-4.601,81.7,10.48,14.96,70.7
"2026-03-03 05:47:00",975,12.76,-4.596,81.8,7.85,12.13,46.13
"2026-03-03 05:48:00",976,12.76,-4.607,81.9,10.43,11.93,38.4
"2026-03-03 05:49:00",977,12.76,-4.607,81.6,11.21,13.46,50.5
"2026-03-03 05:50:00",978,12.76,-4.579,81.8,12.43,14.69,51.36
"2026-03-03 05:51:00",979,12.76,-4.584,81.8,10.65,14.93,32.08
"2026-03-03 05:52:00",980,12.76,-4.57,81.3,6.847,13.16,27.47
"2026-03-03 05:53:00",981,12.76,-4.567,81.6,9.56,13.53,45.62
"2026-03-03 05:54:00",982,12.76,-4.582,82,9.12,11.53,56.17
"2026-03-03 05:55:00",983,12.76,-4.641,82.5,9.99,14.46,77.12
"2026-03-03 05:56:00",984,12.76,-4.667,82.9,9.65,11.46,39.08
"2026-03-03 05:57:00",985,12.76,-4.692,83.2,11.2,14.49,39.87
"2026-03-03 05:58:00",986,12.76,-4.712,83.2,10.83,15.23,45.14
"2026-03-03 05:59:00",987,12.76,-4.689,82.9,10.68,13.86,49.41
"2026-03-03 06:00:00",988,12.76,-4.681,82.9,10.93,12.69,46.1
"2026-03-03 06:01:00",989,12.76,-4.686,83.1,10.52,14.29,49.75
"2026-03-03 06:02:00",990,12.76,-4.675,83.2,11.21,12.83,37.73
"2026-03-03 06:03:00",991,12.76,-4.706,83.3,8.29,14.03,74.73
"2026-03-03 06:04:00",992,12.76,-4.698,82.7,11.13,19.23,56.89
"2026-03-03 06:05:00",993,12.76,-4.61,82.4,9.21,11,61.55
"2026-03-03 06:06:00",994,12.76,-4.601,82.4,9.29,12.63,45.31
"2026-03-03 06:07:00",995,12.76,-4.61,82.5,11.58,14.03,63.75
"2026-03-03 06:08:00",996,12.76,-4.576,82,8.09,19.03,47.09
"2026-03-03 06:09:00",997,12.76,-4.565,81.9,8.54,10.96,62.18
"2026-03-03 06:10:00",998,12.76,-4.601,82,7.866,9.33,33.94
"2026-03-03 06:11:00",999,12.76,-4.624,82.3,10.23,13.93,32.54
"2026-03-03 06:12:00",1000,12.76,-4.63,82.4,10.3,13.43,75.72
"2026-03-03 06:13:00",1001,12.76,-4.63,82.3,8.79,13.53,78.11
"2026-03-03 06:14:00",1002,12.76,-4.65,82.1,10.19,14.99,64.78
"2026-03-03 06:15:00",1003,12.76,-4.667,82.4,12.68,14.29,68.28
"2026-03-03 06:16:00",1004,12.76,-4.686,82.6,13.3,17.29,51.27
"2026-03-03 06:17:00",1005,12.76,-4.695,82.6,14.17,18.36,52.23
"2026-03-03 06:18:00",1006,12.76,-4.689,82.3,9.86,14.79,35.02
"2026-03-03 06:19:00",1007,12.76,-4.718,82.5,12.39,16.16,47.7
"2026-03-03 06:20:00",1008,12.76,-4.712,82.3,8.87,15.99,66.02
"2026-03-03 06:21:00",1009,12.76,-4.737,82.5,8.8,11.46,61.26
"2026-03-03 06:22:00",1010,12.76,-4.805,83,10.5,15.19,59.98
"2026-03-03 06:23:00",1011,12.76,-4.783,82.8,8.85,13.53,61.02
"2026-03-03 06:24:00",1012,12.76,-4.82,83.1,12.09,13.76,66.21
"2026-03-03 06:25:00",1013,12.76,-4.839,83.3,11.1,12.76,53.3
"2026-03-03 06:26:00",1014,12.76,-4.879,83.5,15.65,19.03,74.61
"2026-03-03 06:27:00",1015,12.76,-4.805,82.4,10.27,14.06,60.03
"2026-03-03 06:28:00",1016,12.76,-4.837,82.8,13.48,17.63,55.03
"2026-03-03 06:29:00",1017,12.76,-4.82,82.5,14.97,16.69,68.41
"2026-03-03 06:30:00",1018,12.76,-4.8,82.2,12.64,24.82,51.92
"2026-03-03 06:31:00",1019,12.76,-4.822,82.3,13.73,16.69,57.28
"2026-03-03 06:32:00",1020,12.76,-4.89,83,15.31,18.19,58.2
"2026-03-03 06:33:00",1021,12.76,-4.961,83.6,13.83,20.63,63.67
"2026-03-03 06:34:00",1022,12.76,-4.939,83.4,15.99,19.13,48.66
"2026-03-03 06:35:00",1023,12.76,-4.916,83.4,14.36,17.56,75.79
"2026-03-03 06:36:00",1024,12.76,-4.902,82.8,13.25,19.26,63.02
"2026-03-03 06:37:00",1025,12.76,-4.995,83.6,16.94,18.63,61.72
"2026-03-03 06:38:00",1026,12.76,-5.055,84,17.23,20.29,54.86
"2026-03-03 06:39:00",1027,12.76,-5.006,84,13.97,17.49,62.83
"2026-03-03 06:40:00",1028,12.76,-5.052,84,14.2,16.86,60.66
"2026-03-03 06:41:00",1029,12.76,-5.057,83.8,13.74,17.29,48.83
"2026-03-03 06:42:00",1030,12.76,-5.018,83.8,13.93,14.93,73.04
"2026-03-03 06:43:00",1031,12.76,-5.032,84.2,13.38,15.19,64.95
"2026-03-03 06:44:00",1032,12.76,-5.021,84.1,15.22,16.93,58.46
"2026-03-03 06:45:00",1033,12.76,-4.987,83.7,11.78,13.63,59.14
"2026-03-03 06:46:00",1034,12.76,-4.984,83.4,12.84,17.03,77.22
"2026-03-03 06:47:00",1035,12.76,-5.012,83.5,12.97,16.33,68.96
"2026-03-03 06:48:00",1036,12.76,-4.975,83.4,13.19,16.69,66.06
"2026-03-03 06:49:00",1037,12.76,-4.97,83.5,10.99,13.06,58.34
"2026-03-03 06:50:00",1038,12.76,-5.021,83.6,10.28,11.5,65.22
"2026-03-03 06:51:00",1039,12.76,-5.04,83.6,13.39,19.16,73.64
"2026-03-03 06:52:00",1040,12.76,-4.972,83,13.3,17.59,66.86
"2026-03-03 06:53:00",1041,12.76,-4.947,83.2,14.11,16.86,66.11
"2026-03-03 06:54:00",1042,12.76,-5.018,83.2,9.86,11.3,50.98
"2026-03-03 06:55:00",1043,12.76,-5.103,83.7,10.91,14.43,60.97
"2026-03-03 06:56:00",1044,12.76,-5.151,84.2,14.18,19.66,47.62
"2026-03-03 06:57:00",1045,12.76,-5.114,84.1,13.29,15.49,29.25
"2026-03-03 06:58:00",1046,12.76,-5.066,83.9,11.28,17.39,52.26
"2026-03-03 06:59:00",1047,12.76,-5.089,83.8,9.46,11.03,51.94
"2026-03-03 07:00:00",1048,12.76,-5.091,83.9,11.87,15.19,68.79
"2026-03-03 07:01:00",1049,12.76,-5.057,83.6,7.911,9.7,76.54
"2026-03-03 07:02:00",1050,12.76,-4.989,83.1,11.86,13.63,63.02
"2026-03-03 07:03:00",1051,12.76,-4.97,82.8,9.61,11.8,56.17
"2026-03-03 07:04:00",1052,12.76,-4.987,82.9,8.44,10.63,64.83
"2026-03-03 07:05:00",1053,12.76,-5.06,83.4,11.23,13.26,57.62
"2026-03-03 07:06:00",1054,12.76,-5.023,83.5,9.22,10.56,56.41
"2026-03-03 07:07:00",1055,12.76,-5.066,83.4,12.15,14.29,48.88
"2026-03-03 07:08:00",1056,12.76,-5.055,83.4,10.42,11.86,31.69
"2026-03-03 07:09:00",1057,12.76,-5.111,83.6,11.71,13.53,37.39
"2026-03-03 07:10:00",1058,12.76,-5.176,84.1,12.06,13.73,50.37
"2026-03-03 07:11:00",1059,12.76,-5.225,84.3,10.16,11.3,55.03
"2026-03-03 07:12:00",1060,12.76,-5.176,84.2,8.64,10,63.72
"2026-03-03 07:13:00",1061,12.76,-5.148,84.1,10.91,13.03,46.63
"2026-03-03 07:14:00",1062,12.76,-5.108,83.9,10.28,12.23,60.42
"2026-03-03 07:15:00",1063,12.76,-5.114,83.9,9.93,12,69.35
"2026-03-03 07:16:00",1064,12.76,-5.097,83.6,9.16,10.73,32.63
"2026-03-03 07:17:00",1065,12.76,-5.193,84.2,10.99,12.83,68.12
"2026-03-03 07:18:00",1066,12.76,-5.205,84.5,11.49,15.03,62.4
"2026-03-03 07:19:00",1067,12.76,-5.171,84.1,12.01,14.66,61.55
"2026-03-03 07:20:00",1068,12.76,-5.131,83.9,10.18,13.66,51.24
"2026-03-03 07:21:00",1069,12.76,-5.111,83.9,9.79,11,66.79
"2026-03-03 07:22:00",1070,12.76,-5.043,83.6,10.33,12.06,70.29
"2026-03-03 07:23:00",1071,12.76,-5.021,83.4,9.59,14.46,63.48
"2026-03-03 07:24:00",1072,12.76,-4.958,82.9,6.758,9.66,54.09
"2026-03-03 07:25:00",1073,12.76,-4.972,82.6,8.49,10.66,17.38
"2026-03-03 07:26:00",1074,12.76,-5.086,83.4,10.77,13.19,74.42
"2026-03-03 07:27:00",1075,12.76,-5.086,83.6,11.08,12.5,55.76
"2026-03-03 07:28:00",1076,12.76,-5.091,83.8,11.9,13.66,59.57
"2026-03-03 07:29:00",1077,12.76,-5.111,84,10.68,12.23,83.7
"2026-03-03 07:30:00",1078,12.76,-5.086,83.7,11.1,12.59,71.25
"2026-03-03 07:31:00",1079,12.76,-5.091,83.9,10.5,12.23,59.38
"2026-03-03 07:32:00",1080,12.76,-5.029,83.5,8.12,9.43,56.75
"2026-03-03 07:33:00",1081,12.76,-5.06,83.7,7.58,9.53,47.57
"2026-03-03 07:34:00",1082,12.76,-5.123,84,8.67,9.56,52.93
"2026-03-03 07:35:00",1083,12.76,-5.12,84.1,8.42,9.3,41.9
"2026-03-03 07:36:00",1084,12.76,-5.103,83.9,5.834,7.23,7.289
"2026-03-03 07:37:00",1085,12.76,-5.074,83.8,6.795,8.33,56.31
"2026-03-03 07:38:00",1086,12.76,-5.123,83.9,6.667,7.997,44.03
"2026-03-03 07:39:00",1087,12.76,-5.139,84.1,7.478,10.23,52.6
"2026-03-03 07:40:00",1088,12.76,-5.151,84.2,9.09,11.06,34.52
"2026-03-03 07:41:00",1089,12.76,-5.145,84.2,7.472,9.53,45.98
"2026-03-03 07:42:00",1090,12.76,-5.148,84.3,8.12,10.03,48.78
"2026-03-03 07:43:00",1091,12.76,-5.153,84.2,5.528,8.56,26.84
"2026-03-03 07:44:00",1092,12.76,-5.193,84.3,6.611,7.764,13.93
"2026-03-03 07:45:00",1093,12.76,-5.207,84.5,6.961,8.96,45.14
"2026-03-03 07:46:00",1094,12.76,-5.258,84.6,7.633,12.59,33.86
"2026-03-03 07:47:00",1095,12.76,-5.216,84.7,12.01,13.83,59.5
"2026-03-03 07:48:00",1096,12.76,-5.106,84,9.92,11.4,49.99
"2026-03-03 07:49:00",1097,12.76,-5.086,83.6,8.21,10.06,55.95
"2026-03-03 07:50:00",1098,12.76,-5.046,83.4,9.15,10.26,58.32
"2026-03-03 07:51:00",1099,12.76,-5.057,83.4,12.51,15.19,74.63
"2026-03-03 07:52:00",1100,12.76,-5.023,83.3,11.13,16.76,56.17
"2026-03-03 07:53:00",1101,12.76,-4.998,82.9,10.67,13.06,64.13
"2026-03-03 07:54:00",1102,12.76,-4.992,82.8,11.16,12.43,56.96
"2026-03-03 07:55:00",1103,12.76,-5.032,82.9,10.94,12.33,37.44
"2026-03-03 07:56:00",1104,12.76,-5.091,83.4,11.29,12.66,39.83
"2026-03-03 07:57:00",1105,12.76,-5.097,83.5,11.38,12.83,58.41
"2026-03-03 07:58:00",1106,12.76,-5.097,83.3,12.36,15.66,47.43
"2026-03-03 07:59:00",1107,12.76,-5.103,83.4,10.76,12.86,55.9
"2026-03-03 08:00:00",1108,12.76,-5.1,83.4,12.2,18.09,65.22
"2026-03-03 08:01:00",1109,12.76,-5.04,83.1,10.23,12.43,60.9
"2026-03-03 08:02:00",1110,12.76,-5.04,82.8,12.14,15.03,59.62
"2026-03-03 08:03:00",1111,12.76,-5.009,82.4,10.66,12.46,35.07
"2026-03-03 08:04:00",1112,12.76,-5.071,83,13.76,15.89,59.47
"2026-03-03 08:05:00",1113,12.76,-5.035,82.5,11.76,13.43,61.65
"2026-03-03 08:06:00",1114,12.76,-5.046,82.6,12.19,13.69,27.2
"2026-03-03 08:07:00",1115,12.76,-5.091,83.1,13.42,16.16,51.1
"2026-03-03 08:08:00",1116,12.76,-5.069,82.8,12.78,15.23,61.62
"2026-03-03 08:09:00",1117,12.76,-5.055,82.3,11.02,13.23,41.32
"2026-03-03 08:10:00",1118,12.76,-5.04,82,12.87,14.03,53.46
"2026-03-03 08:11:00",1119,12.76,-5.026,81.9,11.4,13.03,54.57
"2026-03-03 08:12:00",1120,12.76,-5.049,82.4,14.41,19.49,86.3
"2026-03-03 08:13:00",1121,12.76,-4.956,81.7,9.04,12.53,65.73
"2026-03-03 08:14:00",1122,12.76,-4.933,81.4,5.067,8.9,44.82
"2026-03-03 08:15:00",1123,12.76,-4.93,81.2,12.45,18.76,63.99
"2026-03-03 08:16:00",1124,12.76,-4.876,81,11.33,16.23,61.43
"2026-03-03 08:17:00",1125,12.76,-4.865,80.6,8.92,13.66,12.7
"2026-03-03 08:18:00",1126,12.76,-4.859,80.7,9,12.26,64.93
"2026-03-03 08:19:00",1127,12.76,-4.854,80.5,14.17,23.46,83.7
"2026-03-03 08:20:00",1128,12.76,-4.805,80.3,8.04,10.46,39.46
"2026-03-03 08:21:00",1129,12.76,-4.907,81.2,11.26,16.73,69.27
"2026-03-03 08:22:00",1130,12.76,-4.981,81.7,13.37,17.79,56.07
"2026-03-03 08:23:00",1131,12.76,-4.941,81.6,12.26,14.59,67.61
"2026-03-03 08:24:00",1132,12.76,-5.032,81.9,7.403,10.2,20.76
"2026-03-03 08:25:00",1133,12.76,-5.029,81.6,10.12,15.39,99.5
"2026-03-03 08:26:00",1134,12.76,-4.854,80.3,1.619,5.431,15.11
"2026-03-03 08:27:00",1135,12.76,-4.828,79.93,6.689,10.6,12.82
"2026-03-03 08:28:00",1136,12.76,-5.035,81.8,14.26,17.16,26.43
"2026-03-03 08:29:00",1137,12.76,-5.1,82.2,14.49,18.23,47.82
"2026-03-03 08:30:00",1138,12.76,-5.004,81.1,15.13,21.96,17.16
"2026-03-03 08:31:00",1139,12.76,-4.975,81.3,13.14,20.13,71.04
"2026-03-03 08:32:00",1140,12.76,-4.868,79.79,10.17,15.16,52.31
"2026-03-03 08:33:00",1141,12.76,-4.774,79.55,13.34,16.76,39.44
"2026-03-03 08:34:00",1142,12.76,-4.803,79.65,19.42,26.96,70.55
"2026-03-03 08:35:00",1143,12.76,-4.703,78.74,11.39,17.33,32.46
"2026-03-03 08:36:00",1144,12.76,-4.678,78.63,15.39,21.79,24.6
"2026-03-03 08:37:00",1145,12.76,-4.616,77.82,13.61,22.79,37.32
"2026-03-03 08:38:00",1146,12.76,-4.567,77.44,4.659,6.797,19.67
"2026-03-03 08:39:00",1147,12.76,-4.553,77.68,7.511,12.96,10.45
"2026-03-03 08:40:00",1148,12.76,-4.593,77.65,7.2,8.53,9.56
"2026-03-03 08:41:00",1149,12.76,-4.661,78.77,11.57,13.66,43.28
"2026-03-03 08:42:00",1150,12.76,-4.732,79.04,12.71,14.53,14.14
"2026-03-03 08:43:00",1151,12.76,-4.757,79.69,12.75,17.73,47.79
"2026-03-03 08:44:00",1152,12.76,-4.752,78.97,13.53,16.09,5.455
"2026-03-03 08:45:00",1153,12.76,-4.712,78.77,9.96,13.83,13.3
"2026-03-03 08:46:00",1154,12.76,-4.743,79.28,9.52,14.06,48.85
"2026-03-03 08:47:00",1155,12.76,-4.74,78.6,17.48,24.89,24.48
"2026-03-03 08:48:00",1156,12.76,-4.635,77.51,4.162,8.43,328.4
"2026-03-03 08:49:00",1157,12.76,-4.641,78.74,11.87,15.99,57.88
"2026-03-03 08:50:00",1158,12.76,-4.706,79.18,17.83,21.59,28.24
"2026-03-03 08:51:00",1159,12.76,-4.78,79.82,14.27,16.39,46.27
"2026-03-03 08:52:00",1160,12.76,-4.78,79.42,7.533,12.79,37.29
"2026-03-03 08:53:00",1161,12.76,-4.769,79.08,11.04,15.66,7.169
"2026-03-03 08:54:00",1162,12.76,-4.709,78.5,3.59,7.364,19.82
"2026-03-03 08:55:00",1163,12.76,-4.678,78.5,10.64,17.63,35.12
"2026-03-03 08:56:00",1164,12.76,-4.74,79.45,11.62,18.03,43.01
"2026-03-03 08:57:00",1165,12.76,-4.822,80,15.26,21.09,67.63
"2026-03-03 08:58:00",1166,12.76,-4.769,78.97,9.92,13.36,42.84
"2026-03-03 08:59:00",1167,12.76,-4.754,78.91,8.47,10.66,28.12
"2026-03-03 09:00:00",1168,12.76,-4.786,79.76,7.619,11.2,348.4
"2026-03-03 09:01:00",1169,12.76,-4.893,80.9,8.97,16.59,37.05
"2026-03-03 09:02:00",1170,12.76,-4.848,79.28,13.13,17.66,31.45
"2026-03-03 09:03:00",1171,12.76,-4.822,79.79,13.58,16.36,27.69
"2026-03-03 09:04:00",1172,12.76,-4.791,79.35,10.95,15.79,5.238
"2026-03-03 09:05:00",1173,12.76,-4.774,79.31,10.15,14.93,22.21
"2026-03-03 09:06:00",1174,12.76,-4.777,79.25,13.2,20.36,23.51
"2026-03-03 09:07:00",1175,12.76,-4.749,79.35,9.76,16.06,23.56
"2026-03-03 09:08:00",1176,12.76,-4.822,80.5,11.7,17.29,45.16
"2026-03-03 09:09:00",1177,12.76,-4.859,80.4,11.48,13.93,25.68
"2026-03-03 09:10:00",1178,12.76,-4.873,80.7,13.36,17.63,33.14
"2026-03-03 09:11:00",1179,12.76,-4.856,80.1,13.14,21.16,63.1
"2026-03-03 09:12:00",1180,12.76,-4.786,78.77,2.321,3.898,19.12
"2026-03-03 09:13:00",1181,12.76,-4.769,79.59,8.53,16.16,35.77
"2026-03-03 09:14:00",1182,12.76,-4.771,79.08,11.71,15.79,49.07
"2026-03-03 09:15:00",1183,12.76,-4.771,79.69,14.09,21.69,37.07
"2026-03-03 09:16:00",1184,12.76,-4.786,79.55,10.23,13.66,354.2
"2026-03-03 09:17:00",1185,12.76,-4.862,80.8,11.66,16.93,37.46
"2026-03-03 09:18:00",1186,12.76,-4.941,81.5,13.88,16.73,24.35
"2026-03-03 09:19:00",1187,12.76,-4.944,80.6,12.8,16.66,56.51
"2026-03-03 09:20:00",1188,12.76,-4.919,80.8,7.089,13.73,328.2
"2026-03-03 09:21:00",1189,12.76,-4.899,80.8,5.814,9.53,14.68
"2026-03-03 09:22:00",1190,12.76,-4.933,81.1,10.93,13.39,19.87
"2026-03-03 09:23:00",1191,12.76,-5.038,82,13.77,18.46,44.22
"2026-03-03 09:24:00",1192,12.76,-5.015,80.9,18.36,27.19,354.3
"2026-03-03 09:25:00",1193,12.76,-4.919,80.2,10.38,16.73,0
"2026-03-03 09:26:00",1194,12.76,-4.902,80.6,16.19,21.12,23.82
"2026-03-03 09:27:00",1195,12.76,-4.919,80.4,15.35,24.12,42.24
"2026-03-03 09:28:00",1196,12.76,-4.907,81,11.01,19.83,40.09
"2026-03-03 09:29:00",1197,12.76,-4.947,80.5,16.86,24.32,330.9
"2026-03-03 09:30:00",1198,12.76,-4.848,79.38,8.88,11.66,6.952
"2026-03-03 09:31:00",1199,12.76,-4.862,80.2,17.62,28.09,342.8
"2026-03-03 09:32:00",1200,12.76,-4.828,80.1,16.97,26.12,27.56
"2026-03-03 09:33:00",1201,12.76,-4.834,80.1,12.54,20.36,49.94
"2026-03-03 09:34:00",1202,12.76,-4.814,80.2,14.39,21.32,49.31
"2026-03-03 09:35:00",1203,12.76,-4.851,80.5,10.63,16.29,22.3
"2026-03-03 09:36:00",1204,12.76,-4.879,81,11.82,17.13,61.04
"2026-03-03 09:37:00",1205,12.76,-4.885,80.9,18.47,25.62,44.27
"2026-03-03 09:38:00",1206,12.76,-4.839,80.4,7.458,16.49,45.84
"2026-03-03 09:39:00",1207,12.76,-4.879,80.9,14.01,20.69,33.65
"2026-03-03 09:40:00",1208,12.76,-4.865,81,13.29,16.36,43.11
"2026-03-03 09:41:00",1209,12.76,-4.913,81.7,16.98,19.63,37.99
"2026-03-03 09:42:00",1210,12.76,-4.953,81.8,16.86,20.63,34.42
"2026-03-03 09:43:00",1211,12.76,-5.043,82.7,13.28,17.26,49.58
"2026-03-03 09:44:00",1212,12.76,-5.072,82.5,16.87,19.56,62.15
"2026-03-03 09:45:00",1213,12.76,-4.958,81.5,13.41,16.89,42.05
"2026-03-03 09:46:00",1214,12.76,-4.91,80.8,12.31,18.66,77.63
"2026-03-03 09:47:00",1215,12.76,-4.808,79.52,11.18,17.99,94.6
"2026-03-03 09:48:00",1216,12.76,-4.828,80.6,14.08,17.16,25.34
"2026-03-03 09:49:00",1217,12.76,-4.995,82,19.28,25.49,67.85
"2026-03-03 09:50:00",1218,12.76,-4.984,81.8,14.12,17.03,49.67
"2026-03-03 09:51:00",1219,12.76,-5.086,82.7,19.11,22.32,62.52
"2026-03-03 09:52:00",1220,12.76,-4.975,81.4,11.93,17.43,24.55
"2026-03-03 09:53:00",1221,12.76,-5.04,82.4,15.95,20.73,48.69
"2026-03-03 09:54:00",1222,12.76,-5.06,82,15.56,23.62,45.02
"2026-03-03 09:55:00",1223,12.76,-5.038,82.2,14.34,18.66,57.86
"2026-03-03 09:56:00",1224,12.76,-5.015,81.3,14.46,24.62,42.75
"2026-03-03 09:57:00",1225,12.76,-4.978,81.5,18.19,30.62,65.34
"2026-03-03 09:58:00",1226,12.76,-4.902,80.1,7.469,12.96,33.62
"2026-03-03 09:59:00",1227,12.76,-4.956,81.8,14.54,19.39,37.92
"2026-03-03 10:00:00",1228,12.76,-5.04,81.6,17.44,27.69,30.24
"2026-03-03 10:01:00",1229,12.76,-5.097,82.5,17.51,20.86,23.63
"2026-03-03 10:02:00",1230,12.76,-5.021,81.6,18.8,26.32,50.76
"2026-03-03 10:03:00",1231,12.76,-5.004,82.1,18.06,20.92,68.91
"2026-03-03 10:04:00",1232,12.76,-5.018,81.9,14.87,16.59,26.65
"2026-03-03 10:05:00",1233,12.76,-5.103,82.8,17.22,19.66,45.64
"2026-03-03 10:06:00",1234,12.76,-5.14,82.8,12.26,15.76,32.1
"2026-03-03 10:07:00",1235,12.76,-5.131,81.5,17.66,23.82,58.61
"2026-03-03 10:08:00",1236,12.76,-4.95,80.7,9.74,15.86,36.52
"2026-03-03 10:09:00",1237,12.76,-5.038,81.4,20.86,23.66,38.38
"2026-03-03 10:10:00",1238,12.76,-4.927,80.7,14.82,23.29,42.82
"2026-03-03 10:11:00",1239,12.76,-4.927,80.6,14.83,20.19,46.73
"2026-03-03 10:12:00",1240,12.76,-4.967,81.9,15.23,18.43,38.6
"2026-03-03 10:13:00",1241,12.76,-5.162,83,16.91,20.96,28.72
"2026-03-03 10:14:00",1242,12.76,-5.182,83.5,13.9,18.39,26.6
"2026-03-03 10:15:00",1243,12.76,-5.199,83.4,16.6,21.22,47.72
"2026-03-03 10:16:00",1244,12.76,-5.216,83.4,14.86,18.03,47.62
"2026-03-03 10:17:00",1245,12.76,-5.225,83.8,15.83,19.09,34.93
"2026-03-03 10:18:00",1246,12.76,-5.182,83.2,18.1,25.89,51.85
"2026-03-03 10:19:00",1247,12.76,-5.176,83.6,14.04,19.59,51.77
"2026-03-03 10:20:00",1248,12.76,-5.196,83.6,14.71,22.49,53.73
"2026-03-03 10:21:00",1249,12.76,-5.157,82.7,12.29,16.56,47.53
"2026-03-03 10:22:00",1250,12.76,-5.174,82.8,14.51,16.09,33.38
"2026-03-03 10:23:00",1251,12.76,-5.222,83.3,14.08,17.89,50.01
"2026-03-03 10:24:00",1252,12.76,-5.239,83.5,15.49,19.33,46.95
"2026-03-03 10:25:00",1253,12.76,-5.256,83.6,14.77,19.33,51.8
"2026-03-03 10:26:00",1254,12.76,-5.25,83.6,12.71,14.73,42.82
"2026-03-03 10:27:00",1255,12.76,-5.312,83.8,15.68,18.73,43.33
"2026-03-03 10:28:00",1256,12.76,-5.329,84.1,13.29,18.16,37.61
"2026-03-03 10:29:00",1257,12.76,-5.329,84.2,10.95,13.79,33.48
"2026-03-03 10:30:00",1258,12.76,-5.355,84.1,15.87,18.96,45.35
"2026-03-03 10:31:00",1259,12.76,-5.318,83.8,15.92,18.33,38.72
"2026-03-03 10:32:00",1260,12.76,-5.31,83.9,15.68,18.23,47.86
"2026-03-03 10:33:00",1261,12.76,-5.315,84,16.75,18.23,43.64
"2026-03-03 10:34:00",1262,12.76,-5.284,83.8,16.27,19.29,51.12
"2026-03-03 10:35:00",1263,12.76,-5.264,83.8,17.68,20.53,45.47
"2026-03-03 10:36:00",1264,12.76,-5.236,83.5,14.82,17.83,50.95
"2026-03-03 10:37:00",1265,12.76,-5.239,83.8,14.53,17.19,55.37
"2026-03-03 10:38:00",1266,12.76,-5.253,84,14.74,17.83,42.39
"2026-03-03 10:39:00",1267,12.76,-5.242,84,18.33,20.79,58.48
"2026-03-03 10:40:00",1268,12.76,-5.23,84,12.88,16.79,44.22
"2026-03-03 10:41:00",1269,12.76,-5.242,83.9,14.08,17.89,43.21
"2026-03-03 10:42:00",1270,12.76,-5.225,83.9,17.38,20.56,51.36
"2026-03-03 10:43:00",1271,12.76,-5.205,83.8,16.85,19.83,48.97
"2026-03-03 10:44:00",1272,12.76,-5.14,83.3,14.22,16.69,55.11
"2026-03-03 10:45:00",1273,12.76,-5.117,83.4,15.93,17.79,49.22
"2026-03-03 10:46:00",1274,12.76,-5.171,83.5,12.33,13.46,49.65
"2026-03-03 10:47:00",1275,12.76,-5.202,83.8,12.06,13.49,48.52
"2026-03-03 10:48:00",1276,12.76,-5.23,83.9,14,15.43,42.22
"2026-03-03 10:49:00",1277,12.76,-5.202,83.7,14.24,16.49,45.04
"2026-03-03 10:50:00",1278,12.76,-5.196,83.6,11.44,12.89,44.1
"2026-03-03 10:51:00",1279,12.76,-5.199,83.6,12.65,13.76,54.98
"2026-03-03 10:52:00",1280,12.76,-5.227,83.8,12.51,15.06,61.5
"2026-03-03 10:53:00",1281,12.76,-5.23,83.9,14.03,15.13,64.5
"2026-03-03 10:54:00",1282,12.76,-5.176,83.5,13.22,15.19,65.32
"2026-03-03 10:55:00",1283,12.76,-5.154,83,14.07,16.89,65.99
"2026-03-03 10:56:00",1284,12.76,-5.165,83,13.83,15.26,63.29
"2026-03-03 10:57:00",1285,12.76,-5.142,82.8,14.7,16.86,64.16
"2026-03-03 10:58:00",1286,12.76,-5.103,82.1,14.49,16.46,73.47
"2026-03-03 10:59:00",1287,12.76,-5.055,81.6,15.01,17.13,71.62
"2026-03-03 11:00:00",1288,12.76,-5.04,81.5,14.56,16.16,60.44
"2026-03-03 11:01:00",1289,12.76,-5.04,81.5,13.08,14.13,61.12
"2026-03-03 11:02:00",1290,12.76,-5.06,81.6,12.2,14.49,65.56
"2026-03-03 11:03:00",1291,12.76,-5.069,81.5,13.64,16.13,68.28
"2026-03-03 11:04:00",1292,12.76,-5.074,81.7,12.13,12.93,70.92
"2026-03-03 11:05:00",1293,12.76,-5.08,81.6,10.29,12.26,60.54
"2026-03-03 11:06:00",1294,12.76,-5.08,81.8,11.01,14.33,58.07
"2026-03-03 11:07:00",1295,12.76,-5.171,82.8,8.46,9.5,57.16
"2026-03-03 11:08:00",1296,12.76,-5.293,83.9,7.933,9.03,56.02
"2026-03-03 11:09:00",1297,12.76,-5.423,84.6,8.97,10.5,67.34
"2026-03-03 11:10:00",1298,12.76,-5.44,84.9,9.71,11.13,55.25
"2026-03-03 11:11:00",1299,12.76,-5.59,85.8,10.03,11.63,56.46
"2026-03-03 11:12:00",1300,12.76,-5.698,86.7,9.26,10.73,49.19
"2026-03-03 11:13:00",1301,12.76,-5.786,87.5,10.03,11.06,53.58
"2026-03-03 11:14:00",1302,12.76,-5.879,88.1,10.27,10.96,56.34
"2026-03-03 11:15:00",1303,12.76,-5.89,89.5,9.74,10.86,56.24
"2026-03-03 11:16:00",1304,12.76,-5.919,90.3,8.94,9.56,54.12
"2026-03-03 11:17:00",1305,12.76,-5.93,90.9,8.74,9.9,59.76
"2026-03-03 11:18:00",1306,12.76,-5.91,91.3,9.41,10.7,65.8
"2026-03-03 11:19:00",1307,12.76,-5.902,92,9.48,10.06,57.33
"2026-03-03 11:20:00",1308,12.76,-5.896,92.4,10.33,12,60.44
"2026-03-03 11:21:00",1309,12.76,-5.91,92.7,9.2,9.83,56.92
"2026-03-03 11:22:00",1310,12.76,-5.893,93.1,8.22,9.46,61.43
"2026-03-03 11:23:00",1311,12.76,-5.924,93.9,8.4,9.1,65.87
"2026-03-03 11:24:00",1312,12.76,-5.905,94,7.622,8.7,65.63
"2026-03-03 11:25:00",1313,12.76,-5.893,94.2,7.864,9.7,66.72
"2026-03-03 11:26:00",1314,12.76,-5.831,94.3,9.24,11.06,72.19
"2026-03-03 11:27:00",1315,12.76,-5.842,94.3,8.92,9.9,61.79
"2026-03-03 11:28:00",1316,12.76,-5.856,94.3,11.02,12.56,68.19
"2026-03-03 11:29:00",1317,12.76,-5.837,94.4,11.81,13.03,66.28
"2026-03-03 11:30:00",1318,12.76,-5.831,94.4,11.92,13.63,58.46
"2026-03-03 11:31:00",1319,12.76,-5.794,94.5,11.52,13.39,74.46
"2026-03-03 11:32:00",1320,12.76,-5.803,94.4,12.28,13.76,86
"2026-03-03 11:33:00",1321,12.76,-5.811,94.3,11.2,12.59,77.07
"2026-03-03 11:34:00",1322,12.76,-5.82,94.2,11.31,12.3,73.91
"2026-03-03 11:35:00",1323,12.76,-5.834,94.4,11.56,12.3,70.07
"2026-03-03 11:36:00",1324,12.76,-5.805,94.4,11.73,13.06,66.31
"2026-03-03 11:37:00",1325,12.76,-5.788,94.3,10.31,11.76,56.89
"2026-03-03 11:38:00",1326,12.76,-5.837,94.3,9.12,10.63,69.23
"2026-03-03 11:39:00",1327,12.76,-5.848,94.3,9.11,10.43,65.82
"2026-03-03 11:40:00",1328,12.76,-5.856,94.3,10.9,11.96,74.51
"2026-03-03 11:41:00",1329,12.76,-5.783,94.4,11.51,13.63,74.54
"2026-03-03 11:42:00",1330,12.76,-5.757,94.3,11.16,12.36,67.71
"2026-03-03 11:43:00",1331,12.76,-5.8,94.2,11.41,12.59,67.44
"2026-03-03 11:44:00",1332,12.76,-5.774,94,10.62,12,67.54
"2026-03-03 11:45:00",1333,12.76,-5.791,94,11.23,13.99,69.88
"2026-03-03 11:46:00",1334,12.76,-5.856,93.7,10.81,11.43,68.89
"2026-03-03 11:47:00",1335,12.76,-5.831,93.7,12.44,14.19,66.52
"2026-03-03 11:48:00",1336,12.76,-5.834,93.6,11.52,12.96,71.52
"2026-03-03 11:49:00",1337,12.76,-5.848,93.4,11.49,12.5,62.68
"2026-03-03 11:50:00",1338,12.76,-5.845,93.4,11.46,12.26,71.06
"2026-03-03 11:51:00",1339,12.76,-5.814,93.2,12.09,14.76,63.43
"2026-03-03 11:52:00",1340,12.76,-5.771,93.1,12.6,14.63,75.36
"2026-03-03 11:53:00",1341,12.76,-5.769,92.9,12.78,14.49,62.27
"2026-03-03 11:54:00",1342,12.76,-5.735,92.7,11.57,12.89,60.63
"2026-03-03 11:55:00",1343,12.76,-5.729,92.6,13.43,14.89,74.54
"2026-03-03 11:56:00",1344,12.76,-5.672,92.5,12.61,14.29,67.78
"2026-03-03 11:57:00",1345,12.76,-5.701,92.4,11.56,13.03,70.19
"2026-03-03 11:58:00",1346,12.76,-5.715,92.1,10.57,11.6,68.6
"2026-03-03 11:59:00",1347,12.76,-5.769,92.3,11.21,12.63,64.88
"2026-03-03 12:00:00",1348,12.76,-5.771,92.4,13.31,14.39,76.85
"2026-03-03 12:01:00",1349,12.76,-5.763,92.6,12.58,14.36,64.74
"2026-03-03 12:02:00",1350,12.76,-5.735,92.6,13.13,15.43,66.35
"2026-03-03 12:03:00",1351,12.76,-5.698,92.6,13.83,16.06,73.64
"2026-03-03 12:04:00",1352,12.76,-5.706,92.5,13.06,14.99,64.86
"2026-03-03 12:05:00",1353,12.76,-5.72,92.5,13.78,15.86,61.28
"2026-03-03 12:06:00",1354,12.76,-5.664,92.4,14.14,15.99,77.65
"2026-03-03 12:07:00",1355,12.76,-5.593,92.1,14.74,17.09,70.51
"2026-03-03 12:08:00",1356,12.76,-5.499,91.3,13.99,14.76,78.25
"2026-03-03 12:09:00",1357,12.76,-5.533,91.1,15.06,17.73,75.84
"2026-03-03 12:10:00",1358,12.76,-5.426,90.4,13.4,15.76,74.22
"2026-03-03 12:11:00",1359,12.76,-5.465,90,15.24,16.86,71.69
"2026-03-03 12:12:00",1360,12.76,-5.514,90.3,15.49,16.83,76.37
"2026-03-03 12:13:00",1361,12.76,-5.499,90.4,15.84,17.26,69.61
"2026-03-03 12:14:00",1362,12.76,-5.519,90.6,15.67,17.06,74.15
"2026-03-03 12:15:00",1363,12.76,-5.528,90.6,15.81,17.33,64.88
"2026-03-03 12:16:00",1364,12.76,-5.508,90.8,15.52,16.69,77.02
"2026-03-03 12:17:00",1365,12.76,-5.514,90.8,14.48,16.19,77.67
"2026-03-03 12:18:00",1366,12.76,-5.556,90.9,13.43,15.09,76.18
"2026-03-03 12:19:00",1367,12.76,-5.576,91.1,13.88,15.46,69.42
"2026-03-03 12:20:00",1368,12.76,-5.559,91.3,13.83,16.46,75.19
"2026-03-03 12:21:00",1369,12.76,-5.573,91.2,14.42,16.06,71.59
"2026-03-03 12:22:00",1370,12.76,-5.562,91.2,14.56,15.43,76.85
"2026-03-03 12:23:00",1371,12.76,-5.556,91.2,13.29,14.13,71.69
"2026-03-03 12:24:00",1372,12.76,-5.565,91.3,11.95,13.43,70.31
"2026-03-03 12:25:00",1373,12.76,-5.604,91.3,12.06,12.79,72.82
"2026-03-03 12:26:00",1374,12.76,-5.607,91.5,12.74,14.29,70.84
"2026-03-03 12:27:00",1375,12.76,-5.624,91.7,12.32,13.79,59.26
"2026-03-03 12:28:00",1376,12.76,-5.703,91.7,11.19,12.43,63.96
"2026-03-03 12:29:00",1377,12.76,-5.709,91.8,10.14,11.46,68.09
"2026-03-03 12:30:00",1378,12.76,-5.735,91.9,11.17,12.99,79.29
"2026-03-03 12:31:00",1379,12.76,-5.777,92,10.18,11.63,72.56
"2026-03-03 12:32:00",1380,12.76,-5.805,92.2,10.91,13.09,72.2
"2026-03-03 12:33:00",1381,12.76,-5.828,92.3,11.69,13.13,72.61
"2026-03-03 12:34:00",1382,12.76,-5.817,92.4,13.13,14.06,70.24
"2026-03-03 12:35:00",1383,12.76,-5.802,92.3,12.36,14.46,61.72
"2026-03-03 12:36:00",1384,12.76,-5.822,92.4,13.51,15.89,69.76
"2026-03-03 12:37:00",1385,12.76,-5.808,92.2,13.63,16.26,60.3
"2026-03-03 12:38:00",1386,12.76,-5.803,92.3,13.08,14.93,60.78
"2026-03-03 12:39:00",1387,12.76,-5.834,92.3,11.35,12.06,65.44
"2026-03-03 12:40:00",1388,12.76,-5.856,92.5,11.28,12.4,70.46
"2026-03-03 12:41:00",1389,12.76,-5.848,92.5,13.11,14.59,66.43
"2026-03-03 12:42:00",1390,12.76,-5.865,92.4,11.36,12.5,62.08
"2026-03-03 12:43:00",1391,12.76,-5.856,92.6,12.54,13.59,66.21
"2026-03-03 12:44:00",1392,12.76,-5.842,92.5,12.35,13.26,60.58
"2026-03-03 12:45:00",1393,12.76,-5.848,92.5,12.8,14.03,59.55
"2026-03-03 12:46:00",1394,12.76,-5.82,92.4,12.92,14.39,63.07
"2026-03-03 12:47:00",1395,12.76,-5.817,92.4,11.27,13.46,60.32
"2026-03-03 12:48:00",1396,12.76,-5.839,92.4,14.41,15.59,74.34
"2026-03-03 12:49:00",1397,12.76,-5.746,92.1,13.38,15.89,71.95
"2026-03-03 12:50:00",1398,12.14,-5.748,91.8,12.78,14.33,77.19
"2026-03-03 12:51:00",1399,12.72,-5.746,91.5,10.38,12.83,84.2
"2026-03-03 12:57:00",1400,12.71,-5.777,91.4,12.94,14.46,65.56
"2026-03-03 12:58:00",1401,12.7,-5.774,91.6,13.21,14.59,71.42
